1
6 ((((()))))()


40
5 (((()())))
5 ((()(())))
5 (()((())))
5 ()(((())))
5 (((())()))
5 ((()()()))
5 (()(()()))
5 ()((()()))
5 ((())(()))
5 (()()(()))
5 ()(()(()))
5 (())((()))
5 ()()((()))
5 (((()))())
5 ((()())())
5 (()(())())
5 ()((())())
5 ((())()())
5 (()()()())
5 ()(()()())
5 (())(()())
5 ()()(()())
5 ((()))(())
5 (()())(())
5 ()(())(())
5 (())()(())
5 ()()()(())
5 (((())))()
5 ((()()))()
5 (()(()))()
5 ()((()))()
5 ((())())()
5 (()()())()
5 ()(()())()
5 (())(())()
5 ()()(())()
5 ((()))()()
5 (()())()()
5 ()(())()()
5 (())()()()
5 ()()()()()
