2024 2024 3974
1341 148
1172 190
907 673
880 1888
259 229
195 473
420 1903
595 443
1667 397
692 641
673 362
153 1675
462 1756
1501 1942
1552 1270
1076 258
390 1996
4 1552
1572 690
848 745
570 880
170 1355
1394 1852
1760 1384
2004 878
1908 990
1131 724
250 417
196 446
106 781
1886 1645
1996 56
709 851
858 1468
620 1905
1844 1648
313 1525
210 609
1728 421
1995 1817
1086 1332
1759 637
918 961
535 1080
503 1914
1528 1299
1894 1356
169 577
1955 1372
179 1790
905 1665
1614 139
2010 1796
1523 1449
810 610
1536 1388
361 1421
1577 782
1212 95
60 935
1074 1851
935 232
1009 181
314 1605
860 467
94 290
724 1360
1726 990
1371 762
1976 527
529 1270
1328 1066
1818 844
1276 1693
1631 609
788 298
1853 1625
1166 1970
1097 150
132 667
1439 1836
1374 315
1729 1266
372 1179
510 475
1321 159
1107 1368
2017 1440
1847 1895
1756 236
1746 717
977 355
1990 1306
1469 1720
1868 1051
186 1811
1004 1620
2010 497
1794 1925
1712 1972
230 1854
240 241
325 1597
780 600
1657 724
866 374
797 918
548 1525
511 820
1555 1270
1277 1671
1425 1240
562 1954
586 325
1104 2008
771 636
177 1963
1482 1402
1922 1966
127 156
1786 1139
206 1532
550 1162
912 1020
1673 1756
136 1702
1234 891
1224 1372
396 1778
731 1848
186 1968
1417 1421
1211 1173
1907 1285
1707 2014
360 1675
971 288
872 1069
1640 303
1349 585
1129 87
1439 1970
121 383
1788 1858
65 631
341 1289
1769 1436
1134 696
1789 1185
115 1471
410 485
77 870
1968 1910
694 1592
2001 775
240 339
1513 1366
210 1479
1882 2023
850 793
578 334
160 346
1349 68
397 933
474 1445
697 291
1197 1251
1043 1193
226 1874
828 1793
112 1623
615 337
469 1186
613 1725
74 922
1716 1178
1867 444
861 1301
1757 1475
85 293
788 530
353 1276
915 491
1979 770
1305 1988
990 1833
399 983
1105 651
972 387
1712 1854
775 596
140 85
480 270
1024 168
1571 795
291 254
881 1288
607 1048
892 1526
1039 413
621 803
447 1670
405 1853
1611 1133
647 712
1703 313
1293 1232
1400 1178
544 1602
1150 1561
1592 216
280 775
370 1751
1179 1066
1826 1551
186 996
1461 672
810 711
784 1476
459 633
1275 136
1317 1939
1720 1835
1752 1867
1894 639
198 1086
230 401
829 1892
265 1670
1404 1943
583 259
1458 639
895 1428
1159 1129
493 1305
1037 1103
1511 385
1370 1578
982 1024
384 1218
1206 652
417 1166
948 1031
652 889
1723 1207
933 1805
1727 503
925 144
2006 1495
1541 1661
1785 1118
371 1809
1049 704
843 456
106 306
319 1353
1861 1522
563 1979
880 1835
320 1089
290 572
720 385
1817 1107
443 522
423 278
1828 2019
1354 522
963 1949
1157 14
1609 1715
493 1920
226 1985
1919 300
1122 810
318 756
162 917
1144 1472
1991 1079
600 1408
748 1243
297 324
1937 470
386 1564
454 387
1857 1264
87 859
1351 638
495 1062
797 1284
1920 646
1637 852
808 1293
1307 977
269 341
217 1463
1485 1621
322 353
239 1630
1677 1333
1800 995
944 1419
992 1459
1096 1925
780 822
2017 206
1482 1359
1665 132
1399 687
1524 193
767 968
507 1566
1391 832
1484 1777
1995 1090
1262 681
298 260
96 1623
194 697
1058 1934
1016 131
17 1150
508 893
1646 155
140 1629
608 1734
85 1693
1907 833
391 573
2009 472
1584 588
326 2021
9 1182
1682 751
407 1600
1850 564
1356 92
1969 664
1151 1380
1158 336
1799 1681
1035 531
1286 113
645 754
1389 89
1816 1096
1703 810
683 866
383 196
737 1511
1700 1824
844 1494
1733 918
780 1967
220 1221
409 1008
53 61
1983 455
324 1458
696 921
457 410
1377 1548
240 790
818 1441
582 261
1884 1501
22 747
811 233
1397 1642
1597 913
1326 41
319 970
474 993
1990 1927
760 1207
611 324
133 1603
329 1249
1291 843
268 1153
1196 605
1088 892
1883 80
1886 643
1338 1183
1762 1102
487 1722
1858 581
1515 1490
1018 1587
34 205
181 1270
1934 1214
790 331
751 1014
676 1249
1504 843
758 1776
1111 94
1704 788
79 850
1683 1748
1993 1528
1244 1032
279 646
1091 524
660 832
1445 793
836 1466
1887 1892
961 1583
1020 500
69 1559
947 516
1065 1820
1042 1162
79 706
910 634
892 171
749 1583
1313 493
470 1265
1182 10
879 875
1538 1743
1307 944
51 1281
1620 1175
1858 1870
252 1042
1636 1757
1100 1288
1139 313
1812 33
916 155
1594 219
503 889
777 900
60 728
187 769
1617 1743
466 1087
250 151
1174 536
1535 807
1437 1175
725 444
1400 1665
45 456
1536 1446
1711 1298
1785 15
577 280
1621 1404
1845 969
1159 147
541 1266
1881 397
1704 621
357 133
778 455
1738 1251
709 621
147 323
336 1013
793 2012
340 309
1251 1578
409 854
1166 42
1403 1712
89 89
1404 179
816 832
826 733
650 1065
1123 1514
1063 1234
1142 1527
1029 1470
1373 1131
372 154
74 1543
842 1006
213 1558
1089 1866
1385 467
892 943
50 139
1194 1659
639 1028
508 1740
1716 1655
849 721
1777 173
1579 454
380 279
123 1520
691 1712
563 1792
1759 384
568 1004
881 1464
1533 78
742 1943
1745 1389
1509 1441
1970 604
884 1618
381 997
1294 61
1863 743
326 689
1632 56
1019 387
1814 1524
1617 830
1758 955
361 121
1472 1415
940 1262
1452 1931
925 1511
571 870
124 330
1278 1257
442 1888
300 901
2010 1700
1325 843
1889 885
1647 1797
663 315
1045 380
404 729
166 183
1080 1012
867 639
49 501
510 896
1592 1452
1684 632
945 1870
61 246
424 69
1771 228
1785 1703
1381 716
593 112
1121 1314
655 761
1243 1011
777 1361
1221 89
1347 165
862 1319
1466 1434
1888 1572
514 84
491 509
628 69
1021 409
103 1187
1728 796
616 1672
1065 452
367 1462
1176 2009
1452 1535
1316 1611
839 783
431 314
735 88
117 304
1462 1585
1047 1077
1836 1417
445 1646
2024 305
1779 1786
1653 478
1116 1585
1028 160
11 1570
1570 1154
1423 955
1444 749
416 1884
1539 492
1524 1007
156 496
1429 998
678 1624
1879 597
567 1119
1760 1134
878 1420
224 1799
605 99
181 180
957 401
1486 751
285 646
1329 947
987 1592
397 1498
994 405
1289 1634
678 1480
1409 1321
520 1797
532 868
1940 54
1317 829
1219 1426
9 1767
1415 1221
1139 5
38 1156
412 314
1277 204
389 1499
886 1136
1447 1289
516 1948
1689 148
948 559
852 1754
143 1586
365 1141
524 1314
360 1700
1307 1660
432 1051
1805 1262
908 1834
1788 535
331 590
248 1904
1109 1824
1 1767
1180 1884
1674 141
1159 1007
80 599
1115 1346
1912 607
861 181
1365 1112
216 1283
693 1882
924 466
12 1404
1493 623
1366 290
1899 1836
367 140
122 1684
1161 824
1107 853
945 1837
754 549
1490 734
1838 1826
1475 834
1172 1736
1155 106
2015 964
63 1980
587 817
456 1300
1775 723
1270 1899
1461 1201
1253 1172
1010 282
749 1144
1150 405
56 134
13 816
1933 522
1471 311
1749 850
1688 1737
252 832
1632 939
880 1075
657 243
739 807
781 395
780 579
1361 1873
1779 1632
1613 925
962 964
294 1359
1475 1220
379 1583
780 844
641 271
889 1654
1835 1383
21 792
963 142
607 1410
569 1972
1215 772
734 993
775 994
351 29
1540 1880
692 996
1986 160
1962 706
51 325
1889 456
1682 243
1113 760
1380 2007
1971 1020
356 1684
1763 725
505 1026
1807 1851
1792 905
1505 1778
1249 806
1501 841
719 1214
1987 97
1652 1159
1968 1804
1172 522
14 1956
1257 1649
870 1123
718 1520
279 1738
1458 1001
1918 1165
1621 533
1639 1750
404 686
1650 942
454 1855
834 1322
1061 318
1428 1652
865 1575
2016 919
1506 1980
1378 1831
769 555
445 723
185 1550
1697 1202
1218 530
1446 537
31 1492
146 1330
1688 150
1145 280
1643 902
426 301
504 1303
706 1258
717 364
1777 1576
774 1801
1639 1871
1979 219
1248 903
87 1774
1197 1495
2015 172
1838 625
693 1175
321 549
1486 960
1407 1341
1296 1882
1682 1954
317 1189
1588 1910
697 656
893 302
1661 1751
1723 414
579 929
1871 249
1972 969
1373 381
125 201
989 535
200 1427
1337 607
1717 865
1572 361
916 959
1533 1193
1220 1636
1133 548
583 261
1200 80
786 849
1590 6
192 1279
494 1989
141 1871
998 1937
1118 1853
893 194
1859 130
1077 540
1340 1408
500 528
169 1969
1187 146
127 920
1258 435
1451 1504
595 91
42 324
1345 1114
263 292
1201 1478
638 1401
69 1064
1414 539
790 1498
854 467
1570 823
1087 818
469 1937
917 1310
1651 631
317 1431
1530 750
218 1043
1388 666
1311 1615
68 1364
138 1874
497 315
1837 1432
976 1890
920 1235
136 1010
425 210
1528 417
752 196
1928 796
1672 690
40 893
1588 202
1365 310
1434 1047
1076 1339
44 1946
1478 187
1129 1839
2007 42
1618 575
1978 1821
1249 1532
1823 715
846 1407
1798 1445
540 1709
366 1593
1614 232
14 467
1056 170
115 141
1199 893
684 298
927 1108
1670 249
678 1041
1285 1719
965 317
352 1136
1843 814
889 1081
626 213
1931 1601
1502 1424
671 1941
1505 446
491 1565
1508 717
257 1398
62 256
148 1491
1559 8
386 1808
55 1034
747 1936
1554 1507
274 26
1816 1327
760 1726
1333 1996
175 1481
1659 360
1892 419
1501 1580
913 1330
1319 557
1476 1178
1044 209
1807 1543
2024 229
1044 1112
434 20
2019 1017
1521 17
1108 1505
359 1912
1191 865
1007 1230
1808 2002
821 774
403 935
1775 1187
1116 1136
1877 560
624 1168
559 1713
670 1135
1576 977
1848 124
325 1137
163 1075
1958 1424
1846 200
1746 1016
1574 495
706 1997
51 488
105 1399
1368 1967
586 1586
964 77
74 1820
1672 1704
1721 1188
840 1439
1186 764
943 777
1873 1056
275 1172
1355 1359
492 612
321 1288
1246 1223
671 992
491 796
277 1590
1322 1856
466 1377
480 1132
720 210
1422 631
182 1209
1340 1352
1740 419
889 1336
216 304
135 230
1171 905
462 445
1692 1165
744 194
351 1697
460 292
14 1746
182 656
1873 539
1904 792
566 1176
1959 1631
471 1204
68 1079
1013 175
1249 43
614 1518
1504 1761
1535 1074
1875 1259
1999 1703
56 1190
532 1973
1556 459
535 1490
1319 403
807 600
327 112
305 1293
720 452
1154 1876
429 834
1381 872
1483 511
415 1573
2005 736
1414 1314
621 595
1638 1925
476 1934
1619 371
321 74
1316 599
87 661
1660 143
1989 53
489 1873
1283 1239
427 1812
1651 323
1646 919
418 1175
159 1589
1252 1517
51 478
858 49
1846 1996
888 1469
14 447
1288 536
1979 1851
1550 1588
154 1510
769 731
262 140
1256 1227
638 1214
843 1583
1900 1594
468 1822
497 537
878 637
743 1761
1915 145
1285 1964
1468 359
2014 1170
939 1327
105 1739
1668 1071
1440 1200
1928 1512
1173 1085
770 960
1353 149
978 1892
582 1663
1357 119
1617 1241
1891 1630
677 360
903 586
550 1222
1218 1501
723 1150
1663 948
237 353
616 120
1542 20
1244 592
1974 1749
1772 711
1476 1652
1322 1594
1343 305
1796 696
85 340
486 1587
1406 361
267 991
1308 1924
480 1135
836 1965
1889 1152
1994 1205
566 1961
47 1890
1559 1542
1874 1554
1658 618
627 107
172 838
1774 1287
1471 117
1450 1226
1562 650
1051 663
1540 711
1922 547
974 1791
1666 478
964 1863
481 1858
832 395
1265 1037
1231 486
1809 197
85 1894
1538 1460
356 1454
1966 446
1453 864
643 1404
1992 1258
1815 542
1108 680
1349 743
109 567
607 398
956 1077
851 1927
572 1380
99 1685
546 159
809 649
822 1900
1795 829
1587 800
197 908
886 78
1173 437
718 122
163 1706
1626 1694
320 1244
1320 1130
22 418
1541 949
1092 857
1279 1995
1434 2018
1870 1008
1898 1744
952 1457
1999 335
1518 1868
1544 2006
1552 698
865 1080
203 1369
813 1527
1284 1966
1158 658
1633 1037
48 3
439 1731
505 1676
1847 1405
198 1110
1711 727
300 749
1713 13
1103 844
823 1842
1575 1477
1592 1938
1258 1504
832 758
289 1642
851 1940
444 1436
2018 734
1319 733
102 95
298 1727
382 149
415 1229
401 1331
443 690
1102 1558
1516 609
540 851
1172 161
450 814
1961 1633
1758 1948
784 839
1709 774
605 608
104 1080
1305 16
1382 385
466 529
1091 1255
1398 509
1410 1386
1272 778
249 271
737 354
1115 831
421 1137
741 324
1438 401
1221 1864
640 1324
915 1300
562 1670
643 1744
800 904
1818 1970
1552 688
1567 1305
1645 1819
989 282
960 1945
1923 1089
250 208
1763 871
991 1932
1682 1966
1504 239
54 1236
365 1915
495 1207
1826 1830
1534 1164
1549 1967
92 36
917 33
261 1943
826 1572
814 57
380 997
1338 2012
65 1888
198 691
898 1368
975 648
1024 424
1284 500
1620 535
195 951
1056 1396
557 1712
1321 647
1866 447
1964 753
704 1502
61 84
524 223
555 1379
602 1311
1705 1432
1221 565
1572 85
518 36
1315 1512
146 393
127 114
117 1827
1483 13
1359 1289
1101 765
306 1168
2018 845
1722 2015
1221 421
1189 60
1105 1558
2007 2004
1257 1543
427 1314
572 1818
1984 151
753 432
946 976
472 419
1697 795
1172 910
1020 1450
1278 25
540 1865
321 1598
954 1999
111 1459
1426 417
315 880
457 555
1597 793
292 79
1659 359
922 1149
931 740
1125 1737
562 1660
781 881
1002 1258
113 1276
265 1553
1426 1585
745 1107
1843 296
243 1614
1202 794
1400 1038
329 1574
1571 511
587 1015
380 722
1729 576
707 1754
81 1966
805 1768
1018 1912
148 1647
1703 703
215 1408
1753 1198
1028 1022
307 179
1604 1075
979 83
339 1443
1526 1155
1286 765
778 358
645 94
1286 536
1028 878
1243 803
544 1848
318 639
531 1012
999 851
811 800
934 233
582 419
798 983
1815 476
1141 1694
1573 305
1407 947
453 948
1148 1181
60 1282
954 821
614 493
1560 1125
498 1364
1543 1630
908 1119
1825 153
766 1938
599 629
584 1898
1300 1085
1489 2004
695 1240
1400 89
1308 680
917 795
422 444
1529 356
21 1003
1300 267
661 460
1424 977
943 295
709 1260
1198 1159
450 1674
1722 1982
334 825
1209 414
1849 1794
366 777
1763 442
1638 527
960 469
1367 707
1456 1310
666 925
1765 79
1449 1042
1694 693
28 754
614 506
1002 1634
1535 965
1911 1890
961 321
1089 1373
305 16
167 1772
1246 1765
698 1488
1758 485
1781 2009
1309 64
943 681
88 1070
1751 180
1756 1607
929 517
874 1713
1296 1851
650 1102
1391 548
1684 764
7 587
1584 39
1473 1749
1008 1829
1898 235
1068 797
929 602
480 1301
1689 1144
659 1681
1364 301
374 874
608 812
695 26
930 1766
1078 847
99 526
1967 191
1206 1441
794 1762
994 704
1881 1579
1003 407
393 106
385 1148
438 257
1062 1396
458 235
253 620
755 1770
318 835
373 1588
1556 1001
326 281
1878 1955
2021 692
1693 1235
163 174
371 1106
465 1262
70 1932
1249 1115
1198 1558
273 45
952 1911
1499 94
1085 863
297 1342
764 399
274 1438
247 438
890 395
475 1199
1649 1350
362 913
1261 42
275 994
630 1896
257 1534
1240 1151
1711 1819
278 1328
392 267
1666 1668
1750 615
545 1263
1163 1047
805 1339
241 214
1072 371
639 898
435 79
1674 1379
601 1280
1720 592
90 310
43 1281
377 1535
940 1420
108 215
2023 1941
1306 723
590 1270
1715 1645
1265 542
834 1667
690 45
518 464
1026 1837
817 531
1692 1023
316 1152
577 778
1576 1077
1328 1766
932 1829
460 1053
1861 14
1543 1574
1118 644
1976 1950
1073 1396
1544 981
365 635
1665 633
706 556
715 1013
296 392
1906 1333
1548 1625
1714 754
13 369
1142 1086
983 684
1662 335
233 372
109 1734
638 915
861 578
1363 1728
1824 891
552 88
560 1032
1941 164
23 1810
302 1374
1046 102
1992 246
597 1408
224 1571
375 1215
1468 60
1253 1075
913 1793
853 1513
1654 107
988 246
970 1015
1146 454
1100 1390
519 850
91 1721
1335 61
945 284
48 856
1002 675
853 695
1607 1343
1844 761
449 462
382 1560
633 957
697 1387
771 1336
1509 1265
107 124
270 1808
1925 951
899 698
578 1695
1587 1221
1211 296
284 2008
167 1572
1536 1404
1715 1406
1895 1602
309 1018
1765 1901
1669 1110
929 317
1182 1666
586 243
1485 126
1473 826
443 1363
1119 1875
1577 1292
625 171
1926 1180
697 196
101 1742
1973 1786
200 967
658 1516
222 311
244 1153
893 1419
641 789
1327 628
638 1458
1437 1025
199 593
857 413
1556 1354
455 1193
1304 1398
342 907
1159 900
251 1134
857 1581
1059 1307
1071 378
1708 441
1827 541
1155 1540
901 232
989 1773
1781 1822
355 1227
294 1360
487 214
1859 838
37 1326
601 1139
833 442
109 39
899 158
855 875
644 1100
561 428
406 1686
1562 1411
1854 616
833 707
1981 720
242 797
239 1280
109 304
1728 1968
1860 430
2005 934
1199 1853
1162 882
227 1162
1974 946
174 24
1541 1324
562 1152
1454 1993
1711 1655
774 19
512 248
1320 1999
585 1401
1503 165
73 1369
1112 1704
1227 1313
705 1088
1161 1188
1047 937
1411 576
600 626
1284 1438
1118 1226
1675 277
1012 1882
361 1921
1430 180
610 1913
1834 1990
308 225
310 823
344 1868
1638 1377
1974 429
847 210
45 754
484 307
518 974
1732 1161
1569 380
915 1842
956 1465
1719 813
703 1019
1067 807
1062 1595
1132 1956
1560 905
707 1138
1612 49
1952 1429
1106 1409
2019 1339
150 812
957 346
13 169
656 126
1106 1000
1936 1341
2021 1565
604 1656
1095 1399
785 685
148 1525
1493 1000
1553 1805
819 1172
693 1850
76 633
551 863
1102 886
1035 1470
1839 1673
1617 1331
303 123
818 309
1374 1430
191 556
650 990
1591 1544
659 1484
706 1416
418 1278
818 574
820 763
1467 345
1340 12
117 383
1049 1260
488 964
285 1242
101 1192
21 266
1644 1326
696 584
594 1619
416 1204
926 1046
1236 1846
315 892
679 1663
1422 50
1333 201
1778 1671
986 917
1245 1931
1099 299
1462 1291
271 562
1099 973
1010 1310
254 1821
1568 1946
12 1650
264 931
1849 1407
294 136
511 1562
333 918
1184 1282
460 1108
541 1999
272 908
401 793
1342 178
510 1603
1456 1332
558 856
827 901
73 24
721 1557
811 956
309 1878
1469 1945
1774 1269
830 1055
711 689
1918 1771
1661 983
726 1492
439 941
1103 921
351 828
1383 1612
372 213
2021 1640
1809 1720
1272 1781
1867 944
1611 609
1980 1495
668 885
1372 821
410 998
1152 1492
1177 1665
1133 1213
1579 513
1572 1520
1170 48
1701 996
1380 1615
1814 1053
1481 1258
179 1861
338 48
531 363
1639 1057
637 344
734 1854
543 337
796 1420
777 1178
580 1387
484 1828
1990 88
755 1913
1424 1025
134 25
1523 64
445 1607
1232 1349
1516 2011
1962 520
1599 468
165 1144
1663 861
1040 770
332 1321
637 1548
1994 94
1661 937
402 333
1738 1300
1515 325
173 1413
1877 332
552 277
1170 61
949 1899
1344 1266
291 996
239 1623
2015 1959
526 899
100 153
1583 236
1259 1158
826 1685
574 1204
632 1325
1030 926
151 1775
1825 1575
120 1379
273 1621
254 1379
1423 1037
1797 1327
1734 633
1298 597
77 434
924 41
674 1178
1449 766
1149 1557
1238 991
476 1837
1092 757
2017 1861
419 808
1153 395
1062 914
478 714
1509 142
229 1816
931 1105
782 1354
696 793
118 816
360 1890
1760 1301
1143 2007
984 1754
89 1692
437 44
1955 759
298 374
1691 829
711 2004
1219 1099
572 1437
468 1725
452 23
932 660
363 360
1523 427
604 1240
356 1367
49 838
1329 67
6 351
1843 1600
507 1536
1606 1773
1120 976
1320 1187
1933 1530
496 1563
1118 1726
1980 150
1488 1408
196 1796
1234 1083
1096 475
1165 1249
291 227
733 572
1320 1946
495 1683
1539 1984
1970 630
1403 403
1209 1175
561 316
1944 83
397 739
1908 1329
1194 903
750 1909
1898 1922
1794 1456
910 1144
755 38
505 192
798 1577
60 708
1027 1171
450 1159
2010 293
1768 1583
1740 1601
631 1091
128 1782
766 870
1115 1549
868 1412
94 1231
933 983
211 1636
692 1860
1636 991
965 972
1916 1045
1366 987
1954 254
380 956
1581 795
1352 1726
824 1341
1593 620
1347 70
890 240
834 1391
1716 876
37 589
1659 76
893 1068
1222 978
1694 1611
729 1225
1152 1328
623 798
1008 231
1364 1327
260 746
851 1974
463 437
1739 1124
487 1548
528 1320
746 1808
822 1538
1579 1517
1362 994
519 1500
1489 1852
35 255
754 91
300 1578
877 1739
126 522
437 155
1177 1622
735 1655
1294 1124
1925 2010
1774 529
995 1465
698 1624
1818 1618
1595 972
705 1254
617 616
989 1916
1601 1769
1553 826
360 545
1671 293
437 11
1662 324
715 364
1540 1530
38 1434
318 1488
1877 132
1797 777
1497 1568
672 1571
620 886
684 1316
1606 837
571 1030
74 1127
380 416
29 1650
1057 1418
1570 771
1211 164
204 1996
860 86
1953 1146
121 1095
1458 795
1975 676
444 1977
1692 1928
1134 734
1847 490
619 1600
448 815
1290 1247
1040 318
341 51
1261 1189
743 31
861 315
1735 1108
1699 368
1948 169
975 1994
1112 571
629 1357
1139 296
1519 666
1053 638
1719 1365
790 785
68 1963
421 1184
1213 101
694 1342
1551 1637
84 1419
1739 1608
839 1846
243 1177
1898 1781
1602 62
580 45
125 633
636 1257
273 1205
1657 379
1943 885
513 1797
1275 197
1302 825
59 1218
1504 1863
1339 218
1562 1050
626 1594
1787 1397
752 1590
571 346
1508 521
652 1094
709 316
1194 65
678 1869
144 129
1079 752
544 1640
1839 1672
560 867
1135 15
559 1805
1434 1394
416 1985
1024 327
1345 499
1225 317
1632 1495
1479 233
548 1121
1714 890
301 1546
342 1547
1875 844
1849 1609
789 1858
1801 778
217 729
793 925
378 417
1000 1812
1788 1333
1725 1808
1991 875
1710 1679
1527 1823
1805 1422
623 1416
611 130
1864 425
1750 1343
588 1315
1963 175
842 1460
894 604
519 1444
1744 774
626 295
1988 1400
1042 1256
999 1932
548 1013
1738 285
533 67
1219 1563
1293 1512
1371 757
1885 75
1354 30
109 679
236 1537
15 635
1040 1597
1020 1353
226 1758
1973 1127
558 770
526 1641
890 197
178 140
1307 894
413 43
865 1916
606 2015
618 3
428 925
1975 1438
1981 578
1233 1847
1394 898
1883 43
524 633
329 1706
1505 1143
1200 358
572 1204
868 2020
1120 249
204 1711
66 1103
1048 1987
310 380
1718 469
624 576
2 938
1130 1876
72 508
506 1603
920 983
1956 1280
995 1422
1787 1508
1675 1941
618 160
756 768
866 1128
1135 1173
733 110
1718 96
1331 819
1026 363
1196 1677
1710 995
1613 159
1235 622
1392 11
264 305
1331 855
1707 697
1049 611
1500 367
1152 215
1484 1442
1096 1217
137 1140
312 1221
1222 1442
407 735
325 28
1857 641
842 1041
971 548
1079 1393
101 1037
870 1548
629 1193
676 371
1187 1075
2006 1932
1236 559
1485 360
1831 1671
1093 659
517 463
1170 1925
1007 327
572 1073
140 247
947 950
1559 1886
1743 740
270 1116
1051 1681
300 1404
1946 956
652 809
264 547
20 1993
203 388
659 439
1414 1998
542 1840
764 1624
1500 1018
1206 1740
748 633
1292 1663
1578 1877
371 237
1554 1785
765 47
1524 185
1762 502
253 1413
236 686
138 300
696 33
1371 351
1622 607
12 569
1392 1722
1863 1344
809 1487
1387 1235
1572 606
1687 593
1780 1867
688 443
685 1866
378 626
1223 1541
28 284
213 824
1130 1084
1121 1493
1448 1888
1191 1588
1141 1996
220 225
740 1801
1905 1080
675 131
950 70
1429 1874
245 138
1794 166
1163 2020
17 805
781 643
1554 221
932 2007
1376 672
836 987
925 1968
1853 1420
1417 215
1741 950
829 1851
115 1047
210 790
1801 735
1210 1808
1560 380
61 847
1046 653
1512 1392
94 206
719 932
180 395
1666 1041
479 2003
589 185
743 243
1218 1439
37 1249
86 1025
415 706
949 985
1865 612
343 1441
579 140
830 1708
776 276
266 1486
154 1016
1718 1990
97 1299
272 105
1714 1053
834 137
704 436
1439 705
1951 242
2020 1016
795 1457
800 1801
1989 1437
279 1312
223 1789
1624 1016
1976 1467
153 678
891 1839
684 543
263 1224
1929 80
1414 568
1640 1963
311 1758
672 1737
474 95
860 1708
680 429
773 1560
1128 476
591 500
532 939
1289 164
1440 562
1715 1584
1994 1902
384 1864
490 942
526 1539
1973 387
424 1033
362 155
266 1728
810 431
658 791
767 1601
72 56
1108 353
1742 2
1549 590
28 1972
655 1725
459 1750
199 362
465 661
281 840
869 1505
1530 1888
36 1567
1037 1461
1346 1987
1856 1909
665 277
459 2015
1718 1450
888 1783
1890 1413
102 1777
517 973
1560 226
731 753
1965 769
435 1657
1220 801
1493 56
514 675
468 379
534 1785
486 576
1438 1697
670 922
1937 972
1781 50
116 1159
1281 1570
123 1018
207 523
759 1494
1900 1090
1995 1736
954 537
1673 1456
1054 624
1864 758
344 348
1383 305
266 2006
664 704
1551 118
922 999
1951 1400
1564 1140
1455 1462
318 741
1599 1772
160 1021
49 287
1033 457
988 1209
1787 925
977 562
728 495
50 517
1714 1200
1492 333
680 1358
1880 1461
768 159
1589 760
638 687
476 396
156 943
789 1759
1348 1228
470 56
618 1648
303 324
1691 1567
695 848
1906 1226
861 1109
6 366
1014 156
1381 358
1075 1743
710 1093
1305 1531
1290 585
1065 1141
1010 451
1022 1737
713 344
1140 417
554 436
959 750
1273 43
659 1541
792 493
909 749
1492 575
1596 1041
249 1642
210 1156
545 1375
989 894
224 911
1358 989
1057 540
119 1303
1595 444
1212 1051
874 1550
1814 1385
1933 1751
319 919
1656 1851
859 375
262 385
873 1213
385 864
90 1096
77 897
890 1531
1025 178
1711 1149
1085 1132
1003 388
21 1527
1816 793
483 389
110 930
1525 729
1872 1102
1961 1705
95 1970
1210 574
1776 82
212 1472
641 1091
1976 256
1276 290
2001 1332
1583 1759
1228 628
499 1910
1572 697
501 299
243 492
103 518
1635 1131
66 487
892 300
1664 142
942 795
1932 1354
1247 497
642 1586
44 1631
979 1500
947 730
1850 912
1063 941
1921 972
1156 989
1073 317
1713 1989
1282 985
1872 1982
1034 505
525 1122
1990 1745
1795 603
1434 1527
1854 1821
186 264
732 697
1700 451
1631 580
959 596
14 417
2014 381
1592 14
276 423
1563 2022
1979 954
1930 1141
1248 1867
822 1121
770 1748
2016 1101
182 266
754 986
1151 393
1023 473
543 1068
256 1612
1666 350
327 769
555 1945
333 1832
974 351
664 540
409 1333
504 1076
286 179
400 201
891 847
967 577
894 364
1532 1109
1605 1093
303 1171
1471 1013
974 1110
1378 1725
578 881
408 1373
825 84
1075 1687
1819 793
1933 815
1574 59
1347 834
557 449
482 1587
1087 1252
152 1532
971 174
314 1036
277 1563
1629 1163
1530 1858
381 43
1964 1970
2006 1558
1945 645
2000 352
1333 526
1578 214
592 937
32 569
372 1837
92 1374
1653 1556
545 1728
1464 457
1101 405
1200 527
678 451
1921 144
603 1031
1276 751
1283 152
732 278
134 180
520 1527
1931 1276
1116 1701
1567 176
870 248
120 919
2012 712
1772 1368
757 981
1303 1829
61 1772
700 596
337 544
1457 575
3 110
1201 469
552 1106
1470 1268
215 1192
640 1893
267 336
941 1067
1284 1815
813 1147
676 1407
1964 1394
487 1242
177 1165
974 426
160 438
233 428
1711 167
1276 1667
457 581
999 635
1106 847
1334 854
1249 1570
1229 1326
628 728
90 1956
1948 1162
561 409
1673 1897
938 1299
1188 1819
51 307
1783 982
754 315
632 289
135 386
819 152
1281 1229
2012 1448
1936 1718
1702 319
1426 564
1333 107
1295 1658
451 399
1481 765
1706 883
767 635
309 989
985 40
1554 197
1266 1105
1395 1781
1313 1037
344 272
1892 601
1220 617
1796 1945
779 200
1290 1844
576 286
1522 1147
339 422
1009 1565
155 787
1890 1988
860 1213
86 507
1585 40
908 1927
762 1315
1958 1076
1109 1688
1624 1725
1660 1382
1475 842
1207 1931
1048 1678
245 42
18 1162
1515 97
1954 1865
1213 2010
1001 1453
963 932
1547 49
1872 1795
1582 681
1994 1263
1014 489
712 267
909 961
202 1248
1990 1787
727 1973
1160 134
706 867
275 6
651 1834
1324 422
783 821
1484 1277
1642 1863
1207 1414
1176 1081
1245 623
1001 1983
802 462
1788 376
1698 748
1954 445
1558 445
243 318
561 893
516 1645
350 301
61 198
143 1054
1764 284
1686 1942
1797 955
1924 1999
1904 709
1685 405
84 1090
309 305
1061 1072
214 1199
1642 1346
1790 49
1237 623
1415 1304
1266 421
530 798
1256 1805
1683 597
1772 409
1529 1442
1869 836
174 345
1788 1665
1443 90
1951 231
1185 469
1565 1773
913 1996
1274 1975
916 2001
775 979
126 1616
1882 662
799 24
1857 1392
249 1952
414 70
538 743
1224 1336
1554 982
1584 1233
108 1046
785 1294
834 1824
818 159
1978 226
612 1860
1422 8
106 856
1200 1881
1134 1707
447 1006
336 644
755 1122
591 525
1370 1575
196 112
1240 791
198 1842
612 1222
1738 1147
1790 1194
815 1401
401 895
2003 929
452 940
269 1084
973 154
260 361
566 1865
1564 213
1666 1838
1166 203
545 530
1027 1702
510 1741
1915 327
1860 1294
1750 605
733 1224
1031 509
951 400
1798 7
1720 1665
1438 747
1928 382
1045 1984
669 830
1145 1842
100 1433
1804 203
134 114
354 1349
1525 522
1960 1911
1390 1646
328 1031
399 417
1394 1616
1507 510
294 251
1936 507
1504 1753
420 1150
1725 589
25 737
867 149
182 46
1188 55
411 692
1448 51
413 1376
789 989
1267 613
48 231
1299 831
984 590
408 1297
1778 945
1024 1300
1662 96
1032 1012
1852 1797
1416 1761
637 482
1105 965
1348 1626
1095 277
776 1809
1275 1376
1605 873
638 2024
431 1774
340 195
841 626
1938 36
510 118
1271 1113
917 1933
875 130
1910 1923
1018 1607
1860 1248
1243 1954
803 370
67 1125
1157 639
808 1617
1719 1540
1341 1888
1698 548
922 98
1592 1204
701 624
778 53
1458 1506
316 1865
1209 1817
1064 1350
2019 1951
589 1960
1741 366
1747 31
428 694
1163 1292
805 1355
55 103
837 1536
361 295
1615 1309
1209 1853
783 104
1682 1219
1552 1289
1821 102
1257 963
436 1228
707 1871
53 1347
1364 680
1425 510
1171 514
625 606
553 1404
1365 236
921 1242
690 1638
1403 1431
1216 27
1574 1658
1060 1357
1693 1758
1859 887
1670 1137
651 1683
291 208
1160 1789
343 255
1808 24
1459 773
1263 898
1971 1479
1281 129
217 524
1963 1475
258 525
867 1801
574 1319
661 1058
601 1947
1143 2001
1990 854
1631 98
749 533
1037 1574
161 1940
1916 1399
1242 1863
379 1345
1049 7
1534 1742
1005 724
267 1549
59 1520
1311 687
1714 217
1331 336
1310 313
1659 430
950 1956
163 1168
702 1891
1885 364
1537 212
1098 1562
458 856
1893 1945
1225 354
1734 460
1409 1832
559 1433
1048 1481
993 1545
650 1700
964 1747
1592 1050
1428 161
1066 37
23 1309
1136 398
1213 1813
441 659
93 470
361 1682
229 1005
833 1937
894 1953
636 1392
492 1644
1617 1753
133 1037
126 912
1986 1885
955 471
1739 1599
347 1146
16 1126
1173 959
287 1095
1120 1212
1484 1754
877 408
1021 1584
1906 1483
990 959
1006 409
1436 1454
226 1795
1108 1997
1675 424
1339 1521
778 1188
737 104
1672 498
1450 1617
1472 1376
907 286
411 119
1733 1942
932 1511
97 1729
1886 198
642 1300
964 268
1402 530
659 1389
64 914
1083 1271
1460 1932
1469 440
533 755
503 1370
1808 809
730 366
97 682
186 1434
1898 1111
982 438
157 324
1391 377
1498 1406
599 1194
1247 741
1567 1765
1832 1431
824 409
78 1608
687 898
791 1135
1803 321
987 781
89 1617
1233 2005
1566 494
1237 547
1823 1956
612 495
1211 37
767 1043
366 1931
758 320
277 770
1121 637
733 412
221 1778
1074 296
274 1375
15 1035
524 9
1396 167
1257 534
1776 159
195 1905
216 1699
1358 320
1024 1198
505 261
719 184
1491 212
219 312
1184 1452
1689 276
610 1711
449 1528
790 658
1692 201
1375 1168
1338 463
1627 337
1608 1227
1541 1991
1280 1016
603 1671
1549 1586
1355 1455
1496 262
114 231
1501 1280
1194 1129
210 464
951 1371
1770 916
435 1714
751 559
342 1672
1963 673
523 1189
851 237
151 1317
244 462
150 455
756 85
1289 1631
1718 1628
313 827
321 193
1524 896
556 1079
851 93
639 1522
445 1391
1275 829
263 826
685 735
875 1353
65 990
822 969
1680 60
553 1073
547 621
491 1098
35 818
1771 1118
73 2013
772 739
1308 1765
409 278
1945 1419
914 1991
1510 179
652 5
852 2016
451 918
625 1708
1592 477
1540 287
1194 1865
700 1393
1666 54
557 261
238 1039
296 77
687 1948
1189 883
1164 710
1318 768
2016 661
1799 663
94 1699
882 466
842 21
971 660
1349 1366
1668 737
1476 158
1017 1450
1030 1240
1483 1860
1755 1150
244 1463
753 437
787 350
1845 635
1589 1612
1659 1182
1246 1538
1853 904
1841 1604
1228 1755
74 1582
885 220
1908 1859
2008 1946
419 1616
1762 493
753 1870
705 1830
704 2014
1786 1753
71 1284
405 1309
1509 1624
984 985
1648 507
1398 890
1609 1302
1456 831
893 1886
179 1082
509 54
1658 786
1519 1674
1971 1017
937 1663
1542 345
431 808
321 1171
893 1742
1811 735
881 227
1167 1487
228 485
1236 275
681 2008
851 1516
1044 370
328 163
1574 270
519 1680
1833 530
1599 363
255 1607
1592 1370
2005 1954
843 874
40 370
1736 597
755 1664
724 99
398 752
786 1880
33 1005
1302 1653
332 1072
1232 17
592 1377
321 654
1739 113
112 1334
1715 250
1169 1245
251 37
725 365
1941 333
1023 1865
1388 1432
1650 157
114 1114
934 1936
2 644
1067 1117
1516 980
591 779
502 701
1208 189
196 1943
1614 1780
1622 323
1446 655
1094 2010
709 362
1764 1984
1041 1918
1055 1673
322 627
964 1900
1570 398
1724 227
1257 841
1901 1809
1178 697
1913 917
33 1018
888 1532
216 465
1500 73
735 127
322 483
1343 355
753 1307
1646 1067
741 1598
1840 1835
1415 1957
549 1693
635 799
494 1577
1919 178
215 1933
1922 1644
958 1223
681 1589
1980 1851
1781 738
238 1922
1257 818
1492 1767
1060 44
1427 246
145 153
1103 122
793 225
1286 881
1373 1703
237 7
408 1695
1759 1738
796 1282
1574 1055
996 1227
1292 57
738 374
180 641
718 316
293 1564
901 1075
1827 72
1041 66
1883 498
982 1674
677 1447
1095 940
1248 890
2001 453
569 1913
222 1540
1046 526
1643 1419
56 461
1413 1222
1567 1280
1022 583
1119 107
1590 1004
1799 1523
1700 1172
596 1723
1496 1485
1787 1289
183 1999
607 569
997 346
1819 1766
1987 1579
381 751
111 927
1990 1913
1443 432
1537 1379
812 300
1512 977
408 1528
1075 1842
1725 941
1642 1989
532 1185
1148 142
1507 1801
661 1744
681 905
729 1470
398 696
1472 760
1102 669
1028 1537
629 974
523 1630
1213 765
931 787
1517 502
470 1395
1451 1985
1494 1309
1919 24
820 461
1029 1358
522 1936
75 164
2006 1340
54 1273
1690 466
755 1729
402 293
1411 902
8 1980
1803 343
1854 654
672 1731
1795 339
1723 234
1753 1654
902 207
6 1790
1556 1634
1330 159
1670 344
1731 174
1202 1142
1447 415
1823 28
1424 697
857 958
1960 1723
1615 902
1860 324
1967 1390
837 1803
992 365
1472 773
509 1300
505 692
1401 75
227 827
729 1977
578 496
772 398
691 144
1079 140
1584 950
762 433
1578 647
19 1966
704 1660
119 741
510 1566
1288 399
1892 1188
421 176
633 1636
1243 513
979 961
1182 274
423 1268
1617 1248
1381 483
293 484
594 1644
695 564
1886 1113
307 1996
5 1020
805 1864
556 751
617 730
286 1793
916 1551
1271 1370
432 455
153 1794
30 1049
1448 1826
1320 1906
88 1405
1958 1519
1215 163
1046 205
1705 1976
325 594
193 1341
748 1451
1437 621
667 294
1153 862
982 306
269 513
991 9
83 1326
611 1445
1466 1996
176 242
959 322
159 418
326 266
759 1874
1512 1703
921 1378
205 650
1142 34
1128 136
1826 1075
57 406
272 1463
877 145
1337 538
1751 672
1296 1440
948 205
1659 180
12 1423
1006 146
120 53
1293 468
967 1121
1966 1091
1398 670
127 1898
1433 1302
364 1725
434 1152
1205 1029
754 568
1215 1043
121 1186
1366 1477
680 1558
637 693
1140 905
961 1428
111 992
324 1136
1606 146
1959 450
19 500
372 804
412 840
1042 1910
729 1450
1799 1889
1136 1545
139 7
203 437
627 127
397 1471
780 1501
776 744
809 1824
1484 1059
1266 1394
875 1509
280 1071
532 203
1798 617
1115 295
1270 1401
1286 1754
694 1842
564 1095
175 905
1983 519
849 1636
199 1082
1435 421
27 252
128 1961
517 1922
176 1629
1992 1772
1321 1567
57 1937
352 1705
1956 1669
597 81
1668 1531
1461 1089
785 955
339 194
747 434
1460 190
1339 1212
1181 626
877 809
1446 2012
285 897
1761 2024
1540 1876
1018 1422
1959 1222
153 40
448 1040
474 1178
1796 261
1340 1064
274 1907
1521 959
1898 1849
1790 1758
1903 1964
386 1739
1082 1034
243 1919
1379 646
1275 1312
302 168
1833 1756
555 1288
1319 1126
1514 956
408 1763
1561 888
628 863
1498 1097
1408 300
1315 1241
98 1457
783 1231
1234 1167
1395 218
899 768
1244 543
1516 1002
1798 1883
1669 1769
1946 1489
716 1735
446 828
921 1875
1837 270
898 1074
1488 939
278 197
869 1047
655 1990
1220 487
1061 1217
477 1309
152 1778
142 947
289 880
311 639
786 603
694 111
1760 1254
1032 1455
1185 1697
1138 682
1712 1034
1052 350
1213 1121
1898 141
627 323
1460 1227
721 250
1997 937
1471 333
1282 1486
60 504
725 1303
2008 129
444 121
1906 1164
1095 1214
1454 1412
1658 2002
1618 1929
1092 1325
870 458
1292 367
914 1813
1771 1879
1467 1122
149 1372
1606 234
992 1503
708 1744
1479 1999
1010 654
922 770
393 277
577 586
1659 1557
900 373
963 1970
277 1148
1905 566
1768 1235
598 300
1243 38
1096 922
897 1616
242 373
1198 561
1754 370
417 1802
278 1607
1560 10
2022 1087
966 1486
106 1531
1948 1287
1985 531
357 1113
249 268
1681 1697
1641 987
148 594
1280 370
1823 1372
96 1752
1162 494
1268 890
617 929
464 458
231 219
1934 342
183 179
1886 1348
1522 248
1694 1901
1242 1246
1306 1676
284 756
682 500
1849 1546
438 1717
486 1528
116 534
1127 1561
1678 1584
1612 1310
1375 1546
539 1885
280 233
1449 794
1264 1157
564 1569
157 1065
772 286
1464 19
1071 353
1573 1503
183 565
985 924
1153 1820
1180 754
874 1236
158 737
1709 460
1696 298
1090 717
1831 77
364 576
1645 2022
1669 15
1411 394
644 1533
1337 328
145 574
254 72
1078 1273
1960 1804
1562 977
1207 600
946 479
387 1913
1990 1912
1112 740
1103 808
1531 86
1612 914
1168 1166
571 947
573 462
1521 121
1478 1508
1868 1248
1296 677
1930 814
737 341
209 1125
1679 860
783 1211
1304 1471
653 1510
904 1092
1250 1500
337 1539
1737 950
1122 268
1001 1290
1848 143
1931 1718
1327 557
1362 1418
1355 210
864 238
378 344
436 1517
886 1308
781 1817
426 686
241 1278
847 1762
586 787
969 1608
1982 344
723 1058
908 429
1414 826
1541 867
78 762
815 1958
603 318
217 1860
104 1803
243 1732
1255 918
303 1783
1688 1294
230 1799
387 205
1562 172
1992 1971
1518 474
1752 412
195 529
539 1093
736 1750
1637 1514
221 438
787 1078
549 1515
1981 1058
1113 196
1188 864
827 742
1656 1118
1044 182
1272 189
435 626
358 263
1599 1258
131 1941
1978 1663
1978 1254
225 264
2000 784
46 707
1915 1234
7 1353
1789 829
1792 871
12 156
626 1776
403 1847
150 1438
310 1390
780 1425
90 978
1230 1661
674 211
92 1024
1241 587
1138 86
481 1802
1715 772
1475 1428
1889 808
609 496
1530 1135
1608 1549
529 1290
1522 48
433 270
1798 806
693 117
618 352
359 894
842 1786
302 115
968 1862
933 1904
697 1139
430 646
1792 1751
1105 210
1330 557
1754 1230
783 1816
2001 1250
1709 1487
778 1392
1431 51
97 1668
1342 876
772 1843
713 1528
2023 1274
1798 1830
1382 1363
1250 420
917 1263
1351 1375
1971 711
1168 1290
642 686
1313 1757
669 1606
1452 1952
1793 933
1392 1672
370 901
1662 221
1621 1644
230 598
629 832
425 428
1275 598
1455 794
583 1768
633 1131
911 1750
874 928
136 1902
1614 1641
222 1496
355 714
1748 1986
262 257
1453 906
221 405
308 373
282 1138
909 513
775 662
1093 1237
1357 1692
970 263
1600 516
351 1274
1173 708
362 1512
493 720
43 1795
1132 527
499 1517
720 582
433 260
1363 1771
1000 636
1713 163
4 757
1913 1128
317 1891
743 589
