100000 100000 1000
11983 25295
1812 23667
85400 20120
48690 60200
34994 63812
93913 48447
21975 17961
93392 30678
78103 19419
10995 40970
80865 67147
69599 43200
96346 78436
84023 55072
31547 97731
67056 5059
80904 776
880 68707
70813 22644
98099 75926
16810 71758
86869 75347
45746 40428
26269 83236
97565 76635
349 23948
63282 3102
81454 20289
8736 42611
11319 91014
59547 5234
75941 69215
15160 80668
8929 82261
31145 97567
30793 40342
89854 82570
90281 30745
14306 82352
574 60917
79198 89833
46428 34985
61895 65022
14046 47496
49424 96157
71620 67781
46199 29411
55740 31208
58258 48814
35845 90603
31966 64983
34271 27914
61428 21834
89294 9371
18614 32267
40881 70030
36368 75624
29907 60768
68552 40655
21495 92280
91449 43131
89571 89987
82578 51843
7156 97921
92474 66697
33863 33547
23586 99956
59265 57958
73087 84363
69870 22106
47241 22324
85619 5065
73033 50039
22967 35751
78618 75033
75460 17255
32262 36891
68730 377
74010 99835
92445 61907
99559 72605
78575 83302
81823 30483
11506 31712
31712 60623
17714 15382
43224 68556
40194 24251
67362 47111
22222 26733
40648 18661
66492 61573
14599 78255
14109 88361
69214 54078
38185 92742
13011 98288
75370 35629
86649 75981
45416 91938
68004 19773
20923 54533
60738 83470
40516 93309
9780 4712
19399 48420
66944 56733
46284 74226
7933 80166
71183 91839
57816 90168
72652 82224
43904 91159
28573 77131
71332 78492
27476 16267
81715 62827
44677 93288
82374 60913
41545 15677
53210 58926
24022 93189
85187 99100
14043 19215
52312 49828
44791 2507
47539 57570
94270 7968
37627 20662
66476 18860
93521 25380
12786 17476
70599 65513
44724 63809
8998 94364
53545 4757
38404 16894
78268 25582
15881 54418
52736 26477
81275 24211
21311 90253
99401 3762
64036 26977
51676 19523
25049 11768
29807 24323
36786 58102
13024 57780
29689 74023
28643 51841
91760 78455
29741 70772
53441 3509
9234 51583
86507 70522
60712 75455
5280 66985
94029 13386
13062 17370
34884 35934
620 85706
32761 24883
21956 86221
55755 16028
70797 80409
32858 56486
81709 45373
31172 74245
97639 51295
41586 66384
64235 52836
61271 85263
73981 88134
25858 77477
17415 2890
69771 84204
90264 98372
76472 21974
29890 84607
9126 98080
13023 26459
64599 21060
4026 39898
36979 71153
14625 69132
24537 10694
52891 13123
18135 31845
25434 98041
77466 80926
30285 18862
27790 19175
55872 70343
78542 7480
44392 45674
99096 61151
4248 85492
86112 44067
38663 26911
3314 18652
28126 80449
32831 78988
75300 66623
6001 79145
40686 46637
33917 16609
64109 42636
44863 99170
97447 15159
99625 46215
35838 41773
87511 59230
6014 57792
28375 96465
11036 67616
7281 23443
72167 13484
65812 45620
77537 61868
22135 82251
76751 59071
95286 76462
98641 58504
18056 11042
92872 16558
89700 84172
15759 48124
20568 59830
11597 12371
24515 34348
60348 11998
93581 71195
79860 99852
6887 7062
36514 49267
85411 69090
94655 48060
71963 53610
27695 43864
57662 33434
99413 74081
53134 44799
40773 63526
93738 70342
9513 60555
80749 82608
93043 21018
84224 57009
90728 95352
76942 20318
67987 93690
97576 16440
27249 56722
97551 14290
59112 25630
81043 81621
89982 55080
57783 67722
85285 79167
84328 33806
70732 77538
59423 15561
32656 49940
71530 68878
43139 72080
29551 79282
93077 76221
30498 66181
85732 96754
20786 51246
87766 50829
70317 6140
71336 69021
36117 25763
37422 36960
77828 17423
68328 30790
16169 40909
19969 94529
27064 49142
64873 62750
72031 24284
84362 86385
93432 61923
79293 6206
78235 7062
65602 33351
63920 96858
87211 81545
99786 80445
99264 93964
64302 87246
86001 3906
22831 32671
78069 60505
8279 57635
32088 65535
75226 20364
1425 23051
12603 57740
70370 50623
11001 65275
85665 65330
74850 49389
70693 90364
25963 28793
28791 21849
18860 52538
5580 91384
27369 24909
60236 54425
25829 77740
44670 16044
28069 6808
96810 39550
24452 31509
63355 34817
27437 63890
11396 70505
78567 78030
22770 40589
40867 69531
86288 74210
15317 81102
6796 69031
16597 54182
9874 34082
94770 88186
67139 53541
23988 43415
39633 34972
68352 57869
67209 39093
15515 76009
25812 31908
69138 77816
38332 39085
46291 59647
10105 36998
89653 24163
84013 25904
89349 28358
5950 78010
81069 86026
27719 57829
36409 89563
50951 97635
53121 26617
76466 31584
204 56958
67404 60080
54240 73397
73197 23927
68941 66577
43109 60216
11376 29744
98996 71374
3337 52084
84820 27942
60679 49333
92576 37738
17690 78790
27573 74758
85473 47605
21954 12466
73760 50674
57524 51470
27195 39200
73271 51449
2044 41382
1002 99603
87172 88126
42648 55414
11426 37670
7789 81631
64729 13646
60753 58556
50626 25534
86888 87540
50892 31026
30536 47164
20984 43915
15457 261
54379 71830
3723 33001
15127 18816
4702 90751
66523 59032
74391 29491
33650 54529
85960 36684
23195 35120
62620 59460
37216 20319
30333 61177
93516 61340
64110 25040
68105 45767
80853 93110
81323 40414
3309 83080
35941 68785
53702 90700
94983 36318
97320 71748
82295 85436
65804 79944
42928 23545
78374 94688
10011 93550
80868 59203
60003 21571
11685 49454
40377 96848
13316 9869
30002 55600
53699 78226
93887 78788
77213 46388
63869 87303
7134 96189
58396 54822
13749 76314
85669 7483
37816 52493
48575 1018
46046 10634
18862 96254
56358 22675
22119 4027
1547 53124
23448 54153
83094 82900
50378 544
13843 38963
67675 16982
99250 23510
11008 69972
27039 57107
29065 85771
92965 71004
95436 23997
86514 30031
70986 42275
62910 49183
68017 18664
42545 470
72907 18259
80810 28907
64176 67600
83633 52064
49638 12048
56693 83742
54121 97189
98226 86232
80187 6898
31426 7068
99335 98119
92741 14733
57053 5687
50431 87287
50184 92371
6781 86383
41517 74584
37289 45256
6718 60434
55277 40387
32681 78079
13603 39489
66966 24138
67378 26041
28143 79537
8248 39831
25396 9059
6361 96642
28350 58031
83907 54783
79801 53683
27760 31540
20658 43420
47179 25911
84645 59309
27944 84431
85898 59613
43684 16185
88409 79246
3386 5463
67775 27519
84325 45987
54369 72574
96271 20364
65634 62005
49179 51731
33846 46702
42970 64328
50155 28857
53082 32259
73573 30776
21722 5230
74063 72909
30665 26326
62221 32575
39008 38530
66334 23493
66280 97170
17256 98773
88326 8443
48091 65033
58179 76237
46771 11456
61249 88267
6236 99504
45957 13194
33937 87410
55796 48302
44669 51086
87720 78076
83125 69371
96436 65387
61023 42554
9463 35264
10176 35020
80903 56922
47426 23406
44180 89246
96719 28600
3229 11419
21210 85483
20877 14447
47848 15923
69980 44992
98414 3445
38075 75760
18388 86651
39459 57645
95318 30905
32106 61879
43138 42035
49991 97308
15775 58465
70531 27335
74630 43708
3430 87515
5555 70230
30695 69786
93414 96974
64318 10640
61816 87573
73 5719
93397 70336
77720 32923
48243 26436
50302 69815
54772 52767
26909 69158
83644 22993
11117 99405
6003 94067
1769 74715
44388 25672
6695 15006
14852 54261
21924 27312
13212 12492
69932 78397
60307 6366
92603 23128
81060 90853
26199 16431
73006 64946
24195 52445
78997 87989
24612 83730
8475 3065
76947 98781
95860 79874
796 66602
72664 42721
17138 83998
11287 90305
90795 13836
91476 12904
64444 92614
39506 14408
70827 27755
83388 11506
79087 11241
20133 10210
78635 37684
29439 74292
62521 68270
94808 99603
9892 32371
79492 58538
3877 71071
40225 90920
69089 37038
84681 64711
1430 32489
84559 71677
50419 76896
59613 65845
91515 72740
67362 72435
40848 48778
43801 17105
29159 17177
19043 11244
39009 62521
21943 94768
60379 64035
42443 65833
20122 82630
59994 97939
89928 39464
18857 34004
80661 13298
17276 52045
33913 89509
34936 20429
81582 962
88330 27898
95233 11041
86091 81289
49232 84688
19460 89368
9802 44612
97761 3186
29079 52643
53583 44908
28414 89559
39869 80115
60308 45693
96055 23810
56823 61007
75352 61093
92482 38257
23754 92473
58300 97058
51730 41597
97113 49944
53525 82739
38849 90644
95509 60435
5490 34349
74335 38946
87009 73651
62078 61773
58546 78387
74285 59999
53639 77098
19517 88540
2514 66569
44576 75181
11503 70504
4395 17503
16557 42392
9017 36433
69837 57585
40744 56821
71600 55120
16230 84779
91627 30401
92983 14344
5037 5724
16601 18244
90029 50509
87715 68254
86864 27243
95154 25786
53166 98718
84278 8617
6843 53956
86731 17930
67663 39703
63358 83144
76691 17877
43200 20671
47394 87526
7269 5617
77931 58620
10783 86133
13035 74038
64905 65702
83415 18563
46678 46212
14998 9479
62240 93
98154 59732
31491 76947
11217 50818
60716 86854
75685 56790
95742 14188
55484 84182
13292 72760
66955 766
18005 88263
24072 76149
37822 62026
66220 71481
14550 10227
86401 34656
53613 40719
6934 56037
84563 34354
38714 47560
33309 19891
25986 47255
1754 66677
51840 15557
84780 36167
51352 3069
55382 20129
3348 63649
90429 88130
51961 23660
22385 3823
71798 26857
47479 13700
37288 72296
30001 48749
24522 2301
88245 19154
18834 26758
38886 37162
31534 38722
99208 51967
3238 35898
4973 95670
61819 28440
46955 6052
7775 36358
69246 21550
22769 52040
75351 73137
23621 93870
46958 9504
82907 38751
70409 5574
46037 4853
70217 16753
55631 81496
3608 8870
64844 65970
97165 71775
97605 425
82271 57281
92788 57417
23198 64762
6944 65095
61992 15801
62287 72504
3477 56672
26433 21794
75061 27510
75400 22775
19984 77811
93127 54976
3506 29009
29873 35614
63125 65723
11845 24308
8351 86538
83081 35543
9072 83189
17996 27756
16681 27486
6274 89499
51168 90726
1405 53597
9098 64335
30444 41455
31060 77806
12244 64248
16234 89726
19636 17974
63278 14197
58122 56191
87546 44659
78492 10077
32005 52986
49920 1738
78244 9508
65827 36306
58712 29062
40203 71871
27384 42660
87038 79404
9094 57414
7722 88281
29330 65037
287 18688
20969 88220
63170 61421
78686 64240
53276 50469
18315 19493
67303 92735
47173 96412
57108 17300
98801 92475
17104 2747
65136 49979
55259 34748
26897 9366
82316 69944
20505 6386
83227 28102
26313 62952
73193 73117
42674 148
50648 65421
92319 99153
49454 71875
41688 91094
51878 28329
31501 23897
22001 68517
69768 92246
11772 62954
50927 49417
3275 88998
2622 5544
79369 24498
70169 36845
78431 98631
84493 64729
76944 73180
58572 39380
87011 64884
26085 68560
73938 41535
37288 89031
24890 73310
41792 57319
71350 37138
79026 2808
2580 58622
13870 83167
64480 19728
13896 89968
46968 52420
85204 22327
86344 80501
10923 17305
97702 21114
22104 54543
94287 99407
42819 30969
56158 87289
24610 56265
81050 85502
24583 79449
37233 60169
13898 22840
55149 84987
35989 41767
11851 31324
30546 90483
43886 71421
10583 92979
19122 81579
80205 98782
2727 4649
68300 95575
93118 98980
6673 5122
94942 97150
55703 4155
86911 12467
31171 40866
20532 46074
24203 63461
88403 67584
98926 98629
73514 20158
10944 59993
63800 1934
49121 38216
46186 77769
43837 33706
51705 48021
9731 1587
95341 732
72841 60587
63970 95130
9386 69706
22668 86642
12423 54638
96800 62097
59951 65244
45891 51699
29282 2319
18488 46862
84247 29744
7670 28710
12469 21771
48509 94327
93256 61127
97911 82724
31582 51422
12053 20642
98469 35492
22603 49108
67049 15688
42958 26558
35443 18697
66764 3370
40627 83002
5166 54342
97322 99307
94228 80
81815 29484
92344 30906
95032 14116
5071 61423
11367 10408
6464 42383
4205 39190
49058 83817
53423 38441
96570 77980
65733 86446
4138 42663
14648 65287
32782 3815
86025 9098
45930 76099
43486 65959
106 86360
36345 87036
4016 99410
99930 63901
42088 40665
24296 70194
21489 20347
35290 58487
21206 95482
11211 2944
80229 64057
46484 63588
30734 54051
79119 78894
35582 85329
62684 51974
90923 13010
69966 44199
14046 55787
86154 29502
30003 71535
82772 25831
99014 41303
20928 45808
46149 43452
37227 85092
93113 94663
49803 477
83153 98395
55167 44970
348 46377
89504 3252
72718 42989
93704 87421
31226 92541
75800 66635
61321 16084
19703 66351
67881 12897
2174 69430
78083 21005
89591 5053
10923 71556
2050 222
23949 24312
25757 18215
27088 57410
91206 63004
44873 24306
1635 5056
51803 61518
24191 40051
52455 3713
55214 45706
81649 79665
8877 89444
20235 45827
51442 38880
95291 16801
83264 72328
26448 67015
60556 10260
63047 17604
13666 85429
26001 12509
59056 78372
95570 64111
92373 94777
52470 37354
