2024 2024 3973
56 538
1948 1872
740 1728
705 575
831 1883
543 1745
603 1610
1253 709
513 899
534 1925
410 132
593 928
636 1527
1914 1995
369 1263
1440 1438
147 1070
497 811
1774 1692
1678 1904
977 1448
1735 1355
1806 741
200 179
266 1027
1181 131
377 1123
1253 1468
1032 188
1234 1189
1589 105
524 913
1887 1605
2005 169
2010 98
1271 1107
1416 1611
1209 378
1708 965
475 499
1433 388
874 653
1866 764
2022 1420
1976 370
226 209
1115 1619
1877 248
830 1370
1087 1929
913 501
1380 1773
625 1346
102 1305
1721 1020
918 287
1616 329
1034 727
809 1054
532 251
1969 1270
1207 426
1239 1690
454 1500
1343 170
1898 1475
80 90
1674 1618
93 209
1591 946
364 523
1810 1133
26 793
338 242
17 1239
885 640
765 458
1422 499
55 1085
1810 1398
1659 820
249 1890
510 1028
744 929
638 768
247 1966
831 1837
593 388
1578 1277
1213 590
544 1514
1189 269
1500 948
219 820
1445 1098
918 300
944 438
905 330
420 1484
1916 454
2004 1241
46 1014
340 817
130 190
1844 843
112 730
1739 1315
1822 1758
1279 656
1698 2
413 1710
1599 1457
874 378
527 154
1489 502
1427 1988
473 1840
73 329
1055 1213
840 996
1434 1618
1233 167
1000 227
1049 495
1459 479
917 196
183 1549
1043 421
430 1506
312 1105
366 1225
1620 1107
1631 1345
1480 1850
368 1680
890 444
1181 1819
1930 100
896 258
1449 816
174 911
426 983
351 1218
987 1279
786 1963
568 429
1845 1310
1359 513
678 938
515 1060
101 1451
855 1016
891 673
1935 974
868 52
1302 244
866 1025
1450 142
805 112
2015 1757
1292 1920
127 951
305 1632
185 138
695 1292
328 861
1473 1065
1058 786
2023 943
715 712
1799 1086
1399 707
56 747
1765 1093
213 1405
820 1817
994 658
1102 340
841 1876
171 1673
932 1240
967 1872
1094 1684
657 892
1493 1164
67 1701
176 67
1529 1203
389 31
1685 696
1141 1615
1906 515
748 1132
37 891
371 13
788 939
679 1032
1291 1825
1099 980
995 1417
433 73
1554 743
935 1897
1048 117
318 1849
191 576
1967 1061
1433 453
751 10
572 682
977 322
692 598
955 1466
1462 1828
1931 729
292 1796
554 1387
1100 1740
1930 849
433 868
1220 610
1109 1380
1605 1992
1116 1010
1408 1447
1376 1086
1379 1649
827 1847
1820 1657
1623 963
1550 1796
1471 420
985 563
1200 451
1687 1887
287 1164
177 1292
560 1359
674 112
1261 1815
448 852
284 1275
984 1012
1704 664
925 1600
1734 915
766 1198
836 1751
254 349
353 471
466 1660
408 407
511 1811
55 777
1834 1676
1774 1891
1097 1563
959 1184
1710 594
1576 514
957 585
278 1874
1938 458
196 1921
1417 1918
1259 249
300 172
622 223
1878 1984
47 1712
1236 531
608 962
1555 805
1651 135
512 994
576 1424
1081 19
1773 735
1575 262
1873 822
430 1715
2017 49
941 1436
1754 84
310 221
1902 1968
1367 1773
329 1174
1649 476
659 1952
157 1476
1280 758
1813 1487
1475 1571
1994 1233
1592 170
349 334
409 236
469 250
122 206
476 1458
113 94
322 991
1746 759
1266 185
1953 1497
661 1094
887 274
1725 327
668 1893
1536 540
808 884
1333 440
1384 1983
88 1583
1162 1906
1499 774
1189 2009
1294 1308
1577 2005
1817 1349
1152 1453
346 566
312 1327
53 1890
2007 1329
1306 1776
102 2011
198 1570
1841 659
558 1733
1347 87
999 1884
566 425
630 855
1134 617
1269 433
1812 452
1033 305
1837 1299
348 202
1597 118
487 397
780 799
536 847
539 1347
202 1725
1993 612
1265 1896
465 1052
233 666
239 560
1690 1514
769 497
908 1887
1865 1366
1264 1522
1125 1327
1494 1984
1231 2019
807 114
1316 1160
220 1486
1560 617
1494 1575
624 1310
1458 835
1391 1748
1898 87
1078 205
813 688
1968 411
827 623
777 1934
80 1591
1431 1375
644 1404
228 443
220 439
1224 1836
956 1756
1856 1518
1838 1241
662 555
1079 20
729 1219
932 1956
1749 1986
232 678
720 990
1270 2
1034 808
1322 1095
1869 1493
1124 293
1019 11
1207 965
1148 421
920 526
1301 1795
1719 93
1542 1363
135 1010
461 128
1356 1093
1346 405
477 859
1493 195
1328 1785
688 1982
981 20
101 1627
1785 1471
1608 792
351 1021
1067 208
1186 1328
751 317
58 768
1537 997
1423 746
566 1354
1863 1018
791 798
102 316
709 994
27 1454
1923 1706
90 836
1802 513
1729 300
1804 1197
649 1208
1256 1657
1846 705
1329 558
696 1814
275 509
498 1304
1219 543
340 1392
574 1708
931 405
1837 1230
818 119
1145 248
42 1326
78 983
1628 73
613 95
145 1976
963 882
303 1101
1717 1350
1683 1208
657 1333
1205 1318
1964 287
1724 1883
121 801
1948 1511
1394 925
1327 1838
1566 134
1718 411
28 1247
1849 1505
1168 1027
5 1263
1764 872
14 1303
81 1667
77 1288
545 1393
943 1174
1199 871
1045 776
852 498
1344 1109
92 1304
504 1886
1719 1889
1947 1896
1919 931
883 1388
686 694
1840 867
1045 1041
1329 571
1432 1338
1869 27
906 1786
449 1541
34 545
459 2000
1041 1336
230 865
1432 1603
573 1576
620 376
1853 1516
351 337
315 414
715 1696
1152 651
1105 1622
110 1851
601 1302
458 728
986 884
1465 1376
1314 649
410 1325
1055 309
1548 587
413 842
1050 1771
498 1932
1996 454
1138 343
1579 431
1110 1264
520 1
1787 380
1878 727
1472 1271
384 1309
1463 1302
1280 18
1141 1251
1745 234
1204 1865
1639 2022
1242 1074
1502 1379
1756 392
1617 1854
269 1587
507 67
912 1693
464 371
1661 1143
1296 1310
2006 503
1773 1055
1622 1560
29 2020
543 1338
1004 235
741 499
1374 183
212 1058
1895 34
128 1324
755 1831
1480 1741
638 1166
459 557
984 1574
503 2024
1268 1598
117 39
262 128
1060 1569
82 1064
555 1433
1861 651
1799 676
192 69
133 886
811 1767
1487 855
1305 698
1459 756
1628 1617
661 367
847 494
1494 76
107 1916
1083 1179
1373 2001
1507 2001
1497 1
98 555
1651 962
1756 1393
1094 1948
443 446
2020 1439
226 826
1256 60
773 1224
1898 430
491 77
887 980
1067 1176
481 1195
515 1108
772 621
1504 1559
49 226
384 1299
1767 212
1876 936
680 1935
1267 1237
299 437
660 645
1515 930
906 706
1512 1419
615 1805
1882 952
1055 1323
1297 33
329 1448
163 1007
1870 898
668 505
916 1244
93 1994
726 1678
227 762
1860 295
563 339
588 1335
362 843
1426 1351
1284 364
1229 428
52 1849
753 90
1602 1842
37 1577
1987 1949
1428 1168
916 1136
944 826
341 1808
936 68
610 163
1237 1865
1173 389
1699 993
239 1531
1167 983
1601 1504
218 425
1102 1677
1502 973
506 1237
1239 1008
403 1639
278 1150
1774 120
780 314
548 745
1044 769
138 847
262 1142
1271 1714
813 82
73 1126
727 833
1086 277
423 1733
1030 196
1235 1797
1483 587
1669 1760
991 1845
1318 1157
1114 1507
46 620
1285 77
907 1028
1919 214
537 2020
1330 902
1767 611
1532 1611
917 1078
794 370
928 1087
626 148
1764 1359
98 666
78 1591
304 1000
1564 22
1255 844
1650 965
225 972
248 281
951 1750
1058 415
1574 1729
38 1411
1482 1008
1333 1257
220 1122
1051 1050
1211 1417
1717 1814
801 350
1791 1992
1 1492
884 793
1872 1571
1889 1889
1628 1705
861 809
203 431
1611 749
1621 942
1384 1344
41 1421
1125 1758
577 83
755 1438
1129 1728
1383 741
1252 258
1961 1621
1987 627
1274 691
1947 145
765 1222
1597 1344
12 1479
2001 790
1839 203
1614 1662
1998 1130
24 1453
992 2024
1617 764
1149 1599
590 1864
1393 1959
1069 1984
489 277
1576 1177
398 1779
1755 325
1515 1018
64 213
1230 1443
1549 1834
708 135
23 32
1944 1689
1245 1917
1904 570
1167 191
1230 1034
377 2021
1577 175
1008 692
205 454
380 1538
1149 817
1890 1309
1130 538
528 204
191 1602
810 39
262 579
927 1936
146 633
610 359
1689 501
1321 105
1117 455
327 299
1329 1012
441 321
768 716
1243 451
357 1261
1888 1241
1902 910
1594 794
1568 1788
1882 1197
1014 713
1432 1226
1585 1239
481 658
285 1915
1876 628
764 1212
637 88
31 278
876 1044
540 155
1300 697
1146 639
1787 1230
1917 931
443 259
417 1253
1174 1232
446 1954
537 1169
836 1465
631 50
1653 1495
411 684
1342 779
855 203
1370 1701
419 130
521 1081
553 130
105 1697
924 531
1139 456
1682 1558
1417 958
1582 1291
456 1100
518 783
1653 448
1572 1506
177 224
273 1015
138 1056
1103 1967
727 1042
714 1926
1488 380
862 592
229 1848
976 1517
1235 2006
94 720
1451 1481
1692 1607
1960 604
960 1658
1279 880
209 1381
1498 21
263 943
21 1001
1113 1113
864 229
1138 532
1661 1476
583 1033
718 175
767 476
887 541
1760 286
1788 1022
1869 867
1089 1021
1363 241
1094 1365
1110 1718
1000 1092
1903 600
498 1977
633 1793
1111 1454
247 1349
398 1661
130 1847
1284 442
761 401
633 481
993 1727
813 448
782 1098
1280 966
1446 95
330 1383
1026 1724
753 1071
1972 1224
775 1733
1722 295
512 1539
571 771
625 1416
1114 561
960 503
669 1751
153 145
1418 1726
854 601
857 1393
730 1209
678 753
1411 1278
730 800
1282 1542
1134 246
381 1320
408 1423
316 931
1736 1748
1854 837
2018 414
1463 12
1522 1230
874 700
1609 1298
665 935
265 327
437 1751
683 989
1352 181
1259 627
638 200
1796 1655
1669 1285
258 324
39 20
639 510
1207 702
1022 311
1676 1589
1963 1768
1447 454
1387 1343
1655 1386
1877 416
104 1434
1054 1920
224 1350
469 772
1612 378
1094 681
1551 511
1355 456
103 800
1349 907
387 330
561 1349
548 247
1098 1999
1383 1457
1613 1245
1977 884
535 839
467 30
790 1995
1497 1479
227 686
1089 867
323 1068
976 581
153 99
198 250
215 1651
45 831
331 105
755 2010
1338 933
712 242
423 1271
1030 1720
1430 1016
1275 1142
1130 495
219 229
622 2011
410 663
404 1294
1431 343
1629 1756
1172 757
25 709
1429 153
1300 1171
1124 308
1630 1046
843 2015
1356 1746
1724 681
1757 1761
1667 1867
1534 1603
668 671
734 1699
2008 1788
1003 395
350 1444
21 451
529 1824
1988 238
1708 1761
1916 1561
1109 1990
332 492
159 1324
1337 685
242 1767
1923 108
263 1561
1550 1732
187 519
678 1394
762 570
343 1032
743 1231
1673 756
216 811
1286 1250
221 926
885 1989
53 933
1694 550
1983 918
1397 2020
256 1112
53 295
85 327
106 121
1130 593
1589 878
1860 438
1740 1047
1718 1437
347 778
2004 748
1680 1145
687 2009
1246 1707
829 781
1652 1083
1499 1744
1217 1500
1109 655
1103 203
1203 290
166 702
1406 649
910 482
416 1896
1101 687
8 759
941 1601
470 704
551 1532
502 736
1259 715
1523 416
841 876
1551 69
1233 168
189 1853
646 637
578 1814
1942 485
1460 1299
347 1164
1567 1096
950 1048
792 611
353 1961
102 1296
1392 606
468 1390
1644 153
783 1810
148 545
1068 1305
1327 482
968 1712
641 1317
655 1401
1131 427
1449 853
234 1982
100 1673
719 1236
1159 1837
1739 1329
507 1911
129 1965
1741 243
1102 1568
139 697
39 759
261 543
1709 519
1248 310
36 2002
1240 1129
948 1366
643 1813
733 1441
1883 1760
54 186
428 1330
1091 1494
451 825
438 477
1030 1255
105 1994
733 1297
799 339
30 1814
346 1791
1041 1184
1906 925
1210 584
1030 1291
1884 1172
1619 194
581 1056
195 575
270 111
1339 60
1446 1992
1296 98
1256 1194
1018 499
1275 1207
526 711
1421 1261
1537 835
1782 486
485 530
142 685
1022 618
1108 1475
1229 453
1227 758
1647 1115
1996 2023
617 1652
939 1523
1354 304
1268 1433
886 873
880 1882
1971 129
304 374
133 1804
1453 1106
299 933
799 1399
1771 449
1045 1540
120 144
987 1944
1573 384
580 394
1629 1039
1017 395
373 1147
383 374
1566 1248
82 117
697 570
1519 4
85 451
1041 114
1574 1597
1881 765
1932 1076
747 1739
1594 1346
1407 1111
415 1903
1765 1722
586 1376
1154 665
400 957
1569 764
533 992
657 353
1469 1171
423 1843
1496 1942
1626 1563
1759 366
264 1361
424 1170
1756 1758
1700 811
290 861
775 610
1750 1306
577 1937
672 634
523 654
1043 281
1429 725
327 1911
2015 148
1317 1158
1473 539
1766 1924
421 908
801 375
575 557
1717 1430
1884 753
476 1109
1651 810
919 1944
288 1812
298 1331
159 1173
1429 617
849 42
1600 1259
1928 1204
1801 80
1113 726
1740 101
147 524
1036 1037
1554 734
132 252
1285 609
1545 914
758 943
1295 1822
310 1570
629 1961
1480 1193
216 480
1813 585
171 1003
1098 719
1931 1623
641 623
1953 1004
935 1744
237 1622
231 379
476 1724
660 84
926 1286
295 1154
644 1042
1668 1514
693 526
1448 873
336 517
1061 284
84 976
1037 1647
1470 74
108 1858
894 2013
196 659
1439 1398
228 1923
1819 636
853 1566
956 1021
647 1992
782 639
2005 503
1422 182
1262 947
1076 1760
281 2014
1937 219
240 176
48 909
986 820
1991 1996
1186 845
1693 1170
1268 618
1213 682
1769 1574
1866 1098
1780 1058
996 833
1158 1649
1192 250
1062 549
1265 320
85 1995
788 17
1172 766
1437 54
1943 792
850 486
1201 1238
1058 1418
1248 1170
992 161
994 616
902 1207
1619 2016
507 677
295 1023
804 375
136 770
258 467
1894 643
1551 798
1278 1314
839 1910
490 1756
419 155
1718 975
1647 1180
395 472
961 66
1918 1494
363 260
1973 1201
1677 156
1816 1483
1789 1529
584 1656
740 475
254 847
260 512
1054 113
1699 1757
334 992
1408 790
649 738
727 20
1094 1354
1325 1924
717 1367
454 499
874 447
668 199
1959 786
113 1783
1438 260
396 1726
1262 263
537 124
604 1117
1984 1453
682 133
743 903
2023 132
1485 1360
227 1624
1766 1904
693 1805
320 1443
1329 2015
1861 335
1048 1773
1691 1730
1617 1515
22 1111
989 671
553 1830
949 1501
257 1688
2011 1856
792 391
619 54
1056 846
1326 670
949 1766
316 1185
1691 45
174 198
1179 242
1713 1753
141 21
1494 254
899 1765
798 816
1599 456
1374 1012
85 1926
1403 401
1373 638
1449 368
897 300
1461 342
282 1982
152 1872
72 1763
1349 1220
1190 1196
1222 999
1082 696
1394 962
94 1638
578 1571
1848 1281
1275 1648
1951 1782
1121 1590
303 320
1922 1230
1542 451
1399 668
1006 1231
1257 813
1367 1502
1137 631
1170 579
366 525
841 489
1218 1379
777 999
285 271
1798 1954
1719 349
1119 1931
799 263
1277 1056
1945 432
1716 609
12 378
1759 1733
1184 1502
38 287
1304 1418
283 1695
1813 1481
1711 530
1560 1789
47 106
1405 832
1638 805
1112 350
420 1520
807 1551
791 115
1077 1412
710 801
967 1509
478 149
1360 1849
1604 260
1798 125
1518 745
446 611
1146 873
867 1458
241 1670
1015 539
1732 445
1421 403
31 139
1822 338
658 646
120 1645
684 1687
635 928
646 1166
1289 369
825 414
1085 490
1230 957
1271 580
797 172
396 1814
799 361
1882 1673
1919 1295
62 742
1017 211
1286 1010
1410 1683
1491 625
766 449
1810 750
1797 402
1366 710
1066 332
1465 981
1170 1701
1001 1780
1618 1748
1447 1192
1550 1842
276 707
698 1599
619 286
819 1480
318 66
520 689
1627 750
1251 1811
411 931
2 583
1265 1337
740 432
78 1890
308 1449
1308 1527
1799 1652
198 85
1132 929
1270 1308
1819 318
1076 94
1959 298
632 871
692 922
571 1944
1604 924
1375 1064
1665 1657
1687 284
402 1577
636 761
1022 1062
1800 1738
595 1254
1953 748
627 1143
324 202
1381 1754
685 1413
463 546
1074 434
1253 1605
115 882
109 1891
567 1686
90 1612
1004 226
656 1206
2008 1623
1495 1138
1092 1242
436 1840
1434 1271
422 1942
896 1187
920 1544
1514 1645
982 818
309 115
802 1296
448 1176
1871 1919
1460 1265
235 1706
345 117
1696 984
951 76
120 444
1338 1010
1627 1113
1995 1051
1116 817
114 104
1488 280
1311 1816
447 1333
1258 492
1789 128
954 346
68 253
60 169
1718 104
142 962
390 798
1868 537
987 788
1541 1082
1950 118
115 450
1310 395
1575 1898
454 1722
300 1435
1417 493
984 639
1188 814
845 969
850 1084
399 394
1507 1354
1029 1464
534 1342
780 351
788 2012
1495 1645
89 842
1160 1246
537 35
844 372
1995 619
1611 135
1171 1898
642 502
1962 1790
457 865
1393 1453
863 470
746 1642
1043 437
558 1442
1014 1542
132 1828
1549 654
511 1330
522 1754
422 1667
1602 1712
701 673
1176 966
2018 1132
1577 752
1149 1623
495 1916
1906 1336
1257 1156
51 856
699 254
1789 671
1106 349
942 735
1999 72
19 86
1165 1338
126 1115
539 1550
1557 1862
1153 1858
533 78
770 1711
116 958
943 736
1701 1726
1866 73
1473 1310
1401 122
1833 1473
934 507
580 949
981 210
140 268
1634 360
78 293
736 113
1357 1629
708 51
218 1090
992 713
1683 338
483 1101
1019 1261
126 189
195 963
124 1577
1696 48
1001 1472
1176 570
1050 165
1307 1664
1409 363
1772 186
100 1485
1273 1671
243 890
275 1108
23 478
405 1712
1568 127
1984 42
725 1802
869 1029
209 345
146 176
694 1585
83 1697
631 74
1291 529
1308 990
75 1693
1888 1651
1168 687
1012 848
1740 1258
1577 477
1477 390
990 1175
952 1328
1069 830
1758 1986
1075 495
641 1960
392 322
1166 762
185 1829
1944 1667
895 1696
1779 962
5 1224
1197 606
420 1323
1585 602
516 1785
236 190
1403 1614
272 787
129 213
1997 775
441 479
259 588
465 1739
102 1687
1036 545
1578 828
834 1722
967 674
414 1136
837 299
1544 1589
1438 1342
1443 783
315 1651
184 939
1011 717
675 1814
1409 461
437 1268
1702 485
1372 988
1114 55
1123 549
699 1762
1662 943
1202 1745
289 466
173 1832
258 70
462 803
267 564
2013 383
324 15
184 795
1930 1251
1853 888
427 1339
971 1174
1651 524
1417 357
1150 242
394 1836
1784 1462
887 1180
785 266
862 629
942 1641
418 738
1016 278
789 236
407 1891
486 198
1709 730
255 1205
816 518
913 42
1461 256
947 1841
150 514
805 625
798 586
1967 393
1975 68
1631 258
589 1495
1932 1189
1406 1488
1259 1060
169 1695
643 977
369 179
36 793
1214 91
707 1635
402 850
625 1682
1365 409
1973 1720
509 833
489 775
1947 270
1640 119
433 465
454 259
763 340
29 790
1881 590
947 686
1196 716
290 1468
15 2023
1695 1339
1717 1098
358 556
1468 802
1487 1984
1981 1436
1325 1131
310 1153
652 136
92 522
19 1355
1864 1296
861 767
1122 659
1719 649
1725 958
1786 559
185 75
1788 1157
1956 741
240 1588
1811 94
1709 1358
731 1039
594 1442
1423 1675
567 1345
764 807
969 193
1659 374
126 1602
1468 514
1963 1805
531 196
395 415
1919 41
1806 1970
812 1786
930 2007
628 1031
495 767
471 181
1677 1676
977 547
277 1627
1516 38
238 473
673 1447
342 1613
1896 1082
253 1535
257 77
1810 255
1328 1006
1129 531
450 1820
504 479
798 1600
923 1860
1606 870
1354 240
1838 210
1964 1481
779 1995
1273 1484
1079 1878
1525 387
1811 601
336 1425
114 1232
372 710
930 1346
1584 1870
313 1298
1554 307
89 1404
376 680
875 1559
1007 1715
1944 721
123 1137
689 1814
859 1322
1631 1164
799 108
580 595
1041 953
1065 115
1433 282
672 449
1281 642
663 1532
665 818
1631 1923
1257 321
1115 1549
1025 1884
1631 382
1301 1788
365 791
861 878
1391 815
1835 297
1971 78
479 404
658 406
1322 535
1386 1868
1666 1019
1523 67
1455 161
1211 475
1408 1132
245 1405
254 816
1836 1021
660 946
1149 91
1638 1939
677 132
1323 881
1118 1415
896 319
616 1842
30 1861
855 1715
1950 1573
1820 789
1869 1319
3 1355
729 1984
465 217
1763 663
409 173
321 1292
35 1423
332 1121
1831 654
716 738
86 571
185 693
165 486
1824 1060
264 348
1124 1997
2001 198
1675 937
965 1744
1902 979
945 417
1949 682
1128 575
1929 1347
312 1035
714 1344
19 1685
412 1796
497 34
897 1545
188 331
1775 651
4 1413
1478 544
659 361
932 748
1402 405
171 1855
151 1611
1192 1727
1818 54
964 1491
695 1595
676 1353
1629 304
1458 1734
353 254
1367 38
930 37
820 543
1901 317
1059 825
715 1015
676 1847
1264 1868
303 2010
297 1033
473 435
132 1045
1908 1381
895 1247
112 987
1298 60
638 1591
1359 1876
1133 630
1509 1555
1600 1185
1795 1769
702 709
1724 168
557 1108
1207 287
1320 1396
1085 181
994 1720
1493 384
853 1515
1931 875
159 1858
463 1595
1326 652
737 1569
94 151
1514 1755
419 1668
160 96
1545 2008
703 115
499 465
1132 149
109 1628
394 1989
1896 136
1255 448
1933 283
954 1948
1744 267
2001 826
217 752
1531 123
567 605
212 1460
1424 671
1741 1281
1051 1063
1134 1735
273 1964
1292 780
579 1927
1054 1891
1687 1575
1549 1870
1760 1379
1789 948
1668 1970
17 848
1533 2011
689 1506
1483 204
64 514
1412 409
1037 1020
1109 371
1563 312
1985 450
1759 1944
1682 1581
1988 870
829 353
1754 1457
747 1632
382 42
1213 1102
1178 98
1061 1499
1608 1897
1212 1811
837 622
763 902
878 1377
1147 1422
417 1168
1379 1808
1593 456
916 1260
1452 108
866 356
745 624
1727 47
962 64
1584 227
1099 478
1093 1487
639 988
623 369
761 1880
1382 278
1113 233
1203 1704
1318 522
1496 1691
61 1505
43 59
1978 797
645 393
272 822
479 1035
1163 764
1504 914
1489 1014
1334 1140
504 1473
1617 525
410 1429
1136 1012
1320 1736
1803 572
1571 149
1274 308
616 222
1470 1037
1163 620
1833 1763
1331 1516
807 427
1849 130
172 1902
1588 1141
221 632
156 1140
118 848
1829 975
487 831
603 139
888 1849
336 2010
1224 343
1361 1889
1142 1585
1 1351
7 1282
1169 901
1306 1464
517 1798
1795 51
1428 1835
50 197
1703 1774
620 987
851 740
1066 399
1024 1714
1722 1378
1015 1931
1632 667
1435 1959
1531 1667
1618 503
2010 878
435 532
555 1766
451 1071
1982 1719
1586 1719
462 1309
661 1518
642 1276
537 1977
1166 113
1730 829
1706 1375
82 1024
351 1069
1562 1547
1322 217
252 1764
854 637
1104 1715
399 1783
1185 477
1140 1000
416 640
1680 1093
1677 301
1359 629
787 961
752 1269
301 1104
1544 1614
516 763
478 242
79 1814
973 1353
693 1973
566 1523
479 472
1061 1731
1787 1606
203 388
1670 792
812 1435
820 127
925 558
157 1998
957 590
636 1358
956 253
747 1311
1162 995
1974 1059
173 1304
846 1024
1036 776
752 1017
654 445
793 640
1713 609
1535 1771
1395 565
1867 295
1598 1153
466 739
1414 1481
1202 1073
835 642
333 1149
286 134
999 744
1610 1801
900 622
990 1190
575 682
330 1409
662 1882
940 286
1486 1097
1620 948
1649 337
193 1403
816 1302
181 791
1101 468
1970 917
42 75
1316 164
1164 1082
1279 883
760 175
543 1409
570 1097
1176 1959
225 425
371 1562
1583 1151
1780 676
530 652
1191 1035
1780 1170
1161 146
1898 259
1090 1663
761 1716
887 809
1555 414
481 1024
1283 1383
1186 813
661 991
1369 1572
682 785
1145 924
164 1762
1903 1771
837 1482
1646 1737
557 1019
398 1520
1988 454
634 1913
603 348
214 1439
1339 682
1398 1900
1828 1713
995 1775
1327 528
1011 179
1650 1972
418 1620
428 761
1697 655
985 535
1924 554
165 616
700 960
1875 1681
1259 1412
1986 120
1448 1348
1652 998
2022 531
230 1685
1169 1784
439 1450
1376 1588
1981 270
1628 268
1103 383
1253 62
15 1616
1035 248
1074 468
1441 527
592 1893
143 1801
798 1095
1498 1735
1909 1306
1219 1088
1285 279
592 1484
1499 1142
547 2007
766 1291
1437 35
1541 1404
332 541
1425 1601
252 1564
789 228
598 660
1920 497
1544 1558
1406 950
821 31
865 632
194 427
909 1950
910 783
1794 12
507 1790
1259 1425
108 998
1048 79
874 1583
1629 964
773 634
268 641
151 56
1999 1729
685 292
271 1061
594 1794
1444 2001
1997 1768
1735 865
1775 1612
471 677
1933 737
802 139
1025 2017
818 1953
1753 361
1981 368
1682 975
2010 691
790 722
1183 1062
768 820
291 746
1531 168
1657 15
1739 1774
199 1157
1972 664
445 166
1758 1644
22 1115
411 1305
1651 1023
1200 1087
716 1303
1539 1456
1787 1707
1460 1312
1530 733
1420 193
1547 1051
1161 378
1499 1011
1728 1737
1161 1281
212 723
842 890
907 2002
1088 1031
94 847
1797 30
211 1252
1723 904
1779 1559
927 1608
315 177
614 1642
1441 288
656 1230
1771 917
1970 1126
914 1525
1245 1216
69 1204
172 1525
653 1749
94 968
343 1938
334 1215
855 1475
1585 646
1945 1892
75 317
666 376
1443 562
322 1506
1282 1548
816 958
754 80
355 1274
1163 773
1835 299
452 1435
1808 431
1002 447
1476 1678
1187 492
796 1510
1270 792
1023 506
1333 1714
1661 1845
900 2012
211 1759
1387 1313
468 1272
608 263
1237 614
273 1325
347 228
1476 716
801 1072
786 40
1918 1357
1236 771
1942 1571
1171 1428
371 1375
657 798
722 1947
1357 243
1042 1134
1489 1445
1554 1840
106 1449
1893 366
1683 264
1936 593
1123 1653
1375 934
1806 1566
432 1210
1817 1661
471 909
705 847
1531 1712
892 673
1393 695
759 1232
1957 508
1901 607
595 77
1067 710
184 2020
1009 2017
925 1529
1882 1533
120 49
1793 1833
1268 965
470 1888
583 862
296 540
1403 1684
141 666
1409 1578
389 588
1721 798
314 408
1949 1937
120 1217
315 144
1304 329
1287 1063
1070 162
561 1188
377 1287
1684 470
1891 311
1222 1873
430 741
1307 785
1808 1216
179 750
383 400
1293 621
1157 846
1862 1681
1147 158
1685 62
915 675
94 791
1297 1494
1258 254
488 1096
1777 1228
661 264
1549 812
113 661
1336 439
1654 1243
1914 150
1757 1744
1249 291
49 2
1960 1349
254 291
1856 325
631 1181
1125 255
1989 1492
548 243
547 364
996 1422
362 727
10 1062
1026 627
1582 1748
450 202
739 1208
1202 215
1292 1829
1152 1526
1774 377
89 1242
1023 100
1116 291
756 888
1729 1803
1131 1997
173 567
547 1568
318 1745
779 871
192 1340
834 578
1093 1067
998 1095
1264 162
1934 1683
277 1298
356 917
1683 1543
1485 804
1138 171
262 388
1500 932
1623 594
174 424
621 1867
1126 462
1066 182
1880 1827
1752 1907
1405 1683
1508 6
1978 1087
1617 779
991 1320
161 1882
512 1322
1319 1796
1987 89
790 512
5 322
861 1884
363 970
1871 1226
1305 320
1530 667
1019 866
1088 471
1096 146
1794 1271
1005 702
143 1195
390 20
205 1781
1524 1267
1522 254
940 838
1155 726
148 901
480 179
851 1138
1081 1371
1535 1541
106 346
874 1795
1233 1993
1921 1613
1681 1186
1288 617
337 1447
749 1800
1312 1877
263 860
1029 1674
639 473
1957 1126
381 815
1488 1959
318 387
1098 987
187 1624
1449 1739
48 1429
1235 467
1072 440
1895 1825
1138 1617
1870 1652
1918 231
759 1032
1920 686
1278 1219
442 1850
352 1053
1363 1555
441 722
161 1342
1989 785
1756 583
153 1109
1798 845
320 2009
1320 1895
60 621
872 536
483 346
830 1851
250 898
1305 683
1698 1023
343 946
1425 1502
1016 400
1005 1968
155 1569
2014 96
1678 147
308 1253
894 1908
132 124
898 975
27 745
320 1901
920 468
805 1421
518 16
948 1061
158 527
1346 576
690 271
265 653
617 58
1982 265
712 1458
1378 236
1142 288
221 1635
280 638
2000 1222
2016 672
48 889
1807 1581
1137 438
1987 1777
213 993
677 719
764 458
525 1079
758 1430
679 908
1259 400
1248 1968
478 1641
671 1956
1552 1705
958 966
47 1454
20 454
1054 1199
86 399
1531 864
1934 760
1481 1043
1990 1149
1693 1271
1887 1173
41 1416
895 882
580 1810
1427 663
1600 1903
275 42
669 1393
1589 167
1737 1234
1669 276
1122 781
1451 1136
1428 335
1536 1329
1767 704
1734 1573
1114 962
399 1654
707 458
1842 1143
1787 44
1269 1101
974 1067
571 1208
1940 1040
670 18
1108 738
151 1259
1169 1508
1237 1297
1948 1309
1898 634
1924 543
1033 1238
1616 1330
1039 1843
949 192
1226 766
900 336
19 587
1266 1854
2017 707
1340 1511
554 1505
1797 29
29 637
1138 393
1049 315
189 360
1819 462
1908 1065
1020 1420
1486 1076
267 1448
392 954
1385 386
1840 1604
893 827
1284 1386
656 1000
1499 228
1392 1148
1827 322
450 257
311 736
1497 941
1192 1388
2017 190
95 703
1031 159
493 484
1880 1496
925 1044
1970 752
971 1276
1654 552
1062 640
1980 802
1097 1501
1628 234
234 754
1069 536
1200 690
1009 1159
1195 1578
758 494
1028 1401
375 613
227 449
560 924
904 319
1050 1834
926 78
1119 393
1097 454
1891 1138
1729 1076
704 788
743 1799
305 1982
781 1008
1118 1825
796 642
161 360
676 1629
1751 1243
567 1722
427 250
1092 1049
1054 757
896 91
745 1728
1159 1862
542 582
1139 572
1292 814
385 1681
10 492
1299 1613
399 453
933 503
1712 241
590 1561
1931 657
1355 232
319 1592
2005 234
1716 1263
823 228
1580 170
148 1630
935 140
1736 1766
84 1057
77 932
1816 563
37 1650
1211 1801
181 1398
1023 518
124 1538
184 357
1822 1280
405 325
1806 518
301 533
18 324
1145 1675
11 285
140 170
144 1452
1888 1347
316 1564
1575 1790
1637 453
1924 775
649 1624
800 2022
795 1678
112 373
435 1106
1712 1795
634 1352
34 948
897 5
1728 162
1945 834
274 1454
1278 636
1003 580
1874 1713
283 605
1430 1407
1163 1292
457 492
1839 443
755 860
1715 1805
459 1850
1607 1863
976 1731
1728 1366
1750 1125
457 757
1506 1402
1278 1395
1898 1023
186 34
1146 1504
162 1254
1358 749
714 684
1300 1153
196 1512
501 1214
99 676
1661 1052
1441 1952
564 367
1614 37
881 1206
1637 1369
634 691
305 1913
1417 2003
1809 1295
992 1976
1190 1552
630 806
1144 124
577 385
757 352
700 1050
1418 772
1951 332
129 969
710 277
1890 1634
7 943
265 1467
1565 1465
573 271
602 1009
411 1441
1447 835
1575 841
1805 1446
1480 832
111 771
1826 1240
1371 696
1324 850
449 92
775 1574
611 828
791 1927
803 1901
536 1557
63 816
788 726
1603 319
1930 1333
1312 466
1374 298
19 135
1792 811
1456 1908
1206 76
1676 779
1720 1380
546 1378
752 1712
490 394
1347 460
1326 1569
1834 956
1773 1880
445 1820
1658 996
1742 1633
1000 910
40 2000
1796 1604
1808 1578
1351 1891
295 420
581 783
18 291
1161 1129
1837 180
802 373
176 1817
1577 778
436 1856
354 920
1345 1969
771 534
1010 816
877 552
1466 538
1833 740
581 1313
1870 133
1538 1609
919 405
553 1888
1920 973
1351 1868
458 833
1995 658
1998 1975
1201 877
375 1738
306 1867
1497 1055
90 702
1714 1398
278 493
1057 1134
23 877
1340 1602
1619 1920
1492 796
1058 1358
1044 1460
1973 1923
1634 242
1712 427
1080 479
868 974
706 1995
116 1864
72 280
1103 1631
1705 796
1964 382
1084 1352
867 1683
1896 1416
896 1301
604 226
1508 1536
1568 1321
492 1333
1650 1656
973 245
1188 1036
784 1361
254 378
1943 1612
448 1146
846 1601
1269 243
994 1207
919 1442
523 1176
1284 780
1307 126
1039 46
1920 1601
1219 916
621 1110
780 1512
1591 150
1048 280
161 1354
1465 1206
1293 456
82 1735
1984 81
1714 220
1233 670
1923 888
52 1712
1064 898
1538 526
1202 194
53 365
1851 1277
1917 1488
939 1132
1483 967
1428 1031
782 245
607 393
180 851
884 1870
715 829
1289 198
1974 1204
1744 1416
1839 1159
1593 460
408 1352
1300 1110
596 765
721 271
1123 1334
1831 517
1990 1822
1310 931
13 1353
1245 1296
690 957
1378 1331
512 1445
526 297
1483 1762
1498 1625
1671 650
1280 1811
1420 1971
1749 1881
100 1357
343 2018
33 1038
1229 533
113 1821
1546 1143
170 1272
930 1814
1409 1403
263 1091
1520 1536
513 479
541 1593
547 1524
1797 87
1157 1862
1207 896
654 1241
1979 658
43 1990
1419 815
837 688
663 1326
694 639
744 231
1270 1775
955 680
1947 1608
1838 884
850 923
501 101
1422 1872
1942 1121
932 467
1308 309
1705 1028
1674 403
701 1474
1824 82
1844 60
90 237
367 1943
226 2004
495 1634
1129 1097
1979 1273
1263 688
776 1095
1348 912
762 1160
506 1234
863 80
1515 760
544 443
109 143
270 60
1260 390
1742 1711
824 88
575 961
1570 1864
575 1864
945 1546
1790 326
1749 1606
476 1104
801 635
1408 144
726 870
537 1837
1206 46
1894 383
955 284
1513 2003
682 1846
1940 270
1094 1382
1597 425
720 1958
1530 106
881 1912
1986 1289
1443 1041
1404 1687
1999 1079
347 321
27 868
1506 1326
173 922
477 659
1566 1377
100 709
1808 236
970 1760
1926 191
1028 798
1189 752
1985 1854
244 164
29 1179
443 1542
1 177
2003 676
718 1252
1826 1043
1716 503
963 1428
1113 1107
271 1844
171 1528
1342 1833
996 1754
756 1135
1436 714
547 961
754 945
1598 892
1487 387
1136 309
1875 1057
1155 1225
1982 1003
1399 1851
394 638
180 1469
413 917
316 1213
815 631
219 377
910 1314
192 1034
1984 820
1944 747
596 480
120 371
1450 95
513 1614
1250 595
1023 553
583 1184
1191 1412
1445 1594
279 135
693 498
1207 1802
1984 1085
563 797
954 1356
37 867
168 1350
1974 366
1164 1989
1185 1783
1079 304
1969 696
1760 702
1818 1955
286 259
1010 1522
1570 807
1290 344
1738 1437
1454 1678
1488 508
353 1746
823 1552
2024 1391
1755 1117
1403 1718
1656 1898
368 1911
1784 1818
182 323
1299 843
1039 1292
1196 1913
1846 1241
910 1556
1337 1772
1538 1762
1248 648
1093 774
201 1361
1121 198
508 1661
1538 1124
1355 1942
1544 646
1839 1875
197 307
760 1324
1075 841
1872 102
250 1747
211 736
1098 1319
1230 864
388 1043
1 1829
1134 518
1327 1965
83 178
936 1177
1952 476
1797 1356
1788 1536
737 967
692 1719
1769 1114
734 1307
540 1176
597 664
1710 1882
1988 26
1389 1387
1698 1090
739 1013
492 498
1194 919
497 1745
835 1395
813 553
693 79
557 218
1578 127
1737 300
1849 441
1877 423
828 303
1493 1480
714 1370
208 1498
1583 1639
1769 597
567 1845
860 112
1993 1128
1776 227
378 368
925 1144
1529 881
1978 1939
290 404
1566 274
1474 685
1932 102
1517 1055
1225 389
893 819
1018 1079
1532 397
1771 679
710 1866
109 1497
172 1925
952 496
465 112
1142 211
1413 1608
710 1228
209 946
390 1775
1794 1714
1598 607
122 1844
837 249
181 847
1745 626
1350 1408
2019 749
1400 1903
1449 484
1365 1982
1762 715
1098 1309
1676 1020
368 1204
304 545
276 1795
910 1029
1014 1495
719 1132
1749 781
1482 1420
267 1417
1461 1397
376 12
1351 591
1758 866
393 101
1916 220
727 126
672 1322
43 1034
1005 628
1714 759
1588 683
1385 1752
95 1984
542 1212
34 1745
127 475
174 1639
1532 1
1621 716
367 313
1 893
580 457
1673 1666
1434 72
1913 223
1168 218
207 1263
1014 834
115 622
637 847
957 937
1840 238
282 1293
576 1511
1469 331
828 1726
1223 10
1135 1209
685 1009
1938 1304
1363 1890
416 735
2009 1593
18 1857
785 1770
1281 1528
1432 1697
1641 1462
824 120
211 451
1934 781
1802 67
789 1102
891 704
946 411
19 1449
24 1793
1636 71
1821 611
80 1953
1098 1973
1417 1573
667 1112
808 1200
235 1338
1436 1443
1412 857
969 1828
405 703
1307 246
993 873
402 777
423 571
1086 2004
1120 1731
848 226
556 872
631 1460
618 1341
154 1386
1510 345
890 488
758 1235
958 506
1776 315
1603 15
313 476
467 1437
1811 947
1199 1243
1758 941
655 96
425 1440
251 1175
1068 1397
1910 1892
1572 256
1151 1840
1362 1386
1886 223
1017 1760
922 934
1690 1480
1442 326
429 1181
220 1187
327 230
1618 1720
1596 878
1720 1588
769 728
1285 1022
31 762
91 1945
598 1138
288 1178
1193 1284
916 481
1609 1262
1721 1440
1639 876
1751 937
452 1429
1658 1649
1396 709
724 576
657 1718
1780 326
1723 1778
1259 591
912 1944
1852 1779
404 342
940 1634
1346 70
1388 1644
1377 323
704 603
1303 145
1522 412
1910 1869
1021 130
1501 1521
396 1390
1489 6
496 165
652 1761
774 289
1624 1628
105 51
661 3
32 1787
1491 201
66 1371
1750 312
1336 1081
245 1751
1255 1236
1172 1238
870 262
817 107
419 326
1781 1431
518 1617
589 1677
1196 1186
1162 1044
1180 424
804 1485
726 1157
1737 1281
163 751
727 1647
491 845
664 953
707 1552
202 742
505 1454
422 1685
1750 662
1180 1592
526 839
632 1903
1733 609
428 941
1184 1333
712 1603
48 540
40 536
878 1635
952 538
1313 809
994 126
1276 1007
1390 1029
1244 1878
961 1935
1565 652
937 1312
1506 1469
150 1347
1505 341
13 704
1697 691
1388 1742
1960 247
711 102
1439 512
1165 1212
178 362
687 239
367 823
1590 1733
795 855
149 335
402 1418
1118 1774
681 1019
220 1527
1923 2022
1112 1843
179 443
1297 693
551 1892
1945 914
1986 915
1807 1438
219 1073
1067 645
1443 1570
1426 843
1636 1556
1934 1170
305 704
1203 542
1724 1934
1069 462
311 1421
46 1941
965 899
146 796
1795 8
214 1897
1334 616
617 1613
55 1315
734 737
1416 1180
1191 567
248 843
644 1975
293 994
1929 273
1679 1410
620 980
207 1714
444 229
646 2021
218 1723
373 614
76 736
1961 1653
753 1738
1655 1052
652 1463
1105 914
1850 1822
380 1907
1966 276
553 1978
631 1260
619 1020
1954 1879
713 655
44 231
1845 1972
1453 1368
1325 1411
1098 991
1642 2021
50 82
768 182
1185 879
1539 962
339 822
750 393
1804 250
1803 1566
882 612
1745 1067
144 354
1713 1672
200 255
1207 1837
1141 543
1399 1104
1564 417
1095 167
842 1973
1314 242
1630 1265
1873 1926
1408 1301
1946 1996
96 728
432 497
1064 1119
187 1749
1436 1665
149 1228
1156 1202
1351 129
222 129
688 1771
853 935
1633 1950
582 63
1674 261
1334 979
1232 65
1854 1360
1038 837
240 1760
1936 1987
474 1927
1473 1814
299 763
1553 645
1672 974
1761 823
2006 96
1655 1559
277 595
1087 1861
318 1536
867 546
55 402
1811 1663
1385 14
608 731
645 1027
128 917
434 1338
1350 550
1182 594
348 1823
1309 1681
1844 942
225 2018
921 144
439 141
1018 1654
1019 716
1471 1105
730 1516
510 1742
1396 257
90 481
1679 1665
335 577
1731 363
664 344
1809 282
1201 957
965 192
1636 885
1338 288
1517 1751
858 1786
1842 990
1273 982
161 397
1203 100
538 1287
1830 1653
1686 742
1010 608
1654 530
1237 1553
1130 1427
1370 542
802 21
307 716
1929 1143
994 1274
1718 1368
629 358
1619 688
71 1528
523 1917
13 949
1008 1437
171 303
537 540
1847 286
203 1189
116 138
182 312
627 25
2018 1974
465 255
1337 184
1368 288
1950 564
1010 729
961 724
836 427
1735 1542
886 693
1154 1905
1009 355
1313 92
1253 752
1537 1414
1616 1478
531 996
246 1272
635 1233
963 1178
1511 1541
1701 1256
1592 446
1554 1094
335 446
1876 1782
1269 961
127 88
1628 405
386 348
353 171
1884 1005
262 1481
1368 1348
226 661
695 694
802 528
1748 177
1339 1061
919 475
377 155
1585 1202
1498 151
220 437
1309 1118
766 116
1923 294
469 912
1235 1992
731 769
890 1171
1236 1579
521 959
365 37
598 1291
860 16
1066 1396
487 408
276 1277
1555 541
19 1206
636 1174
929 344
396 784
197 309
805 574
972 1883
620 1840
1867 1158
893 49
1657 1199
464 1184
1175 930
694 477
784 1045
1040 742
1113 1858
1699 527
1309 1275
894 279
245 916
1341 181
484 1018
298 1416
236 767
981 1595
1214 485
1597 515
1552 1267
1534 575
1075 964
1915 1993
733 855
61 1854
1201 1863
1523 831
88 645
1337 1378
282 510
211 895
351 1958
1102 20
399 686
1305 1511
951 1199
1729 1201
1371 324
335 1833
720 1266
4 1850
1689 1802
761 1038
411 251
213 1435
884 1374
327 1191
1992 1022
1854 414
533 1296
729 39
1457 598
921 1521
1968 1073
1056 2011
568 616
857 453
569 315
1402 24
1490 1040
1694 461
107 1044
1864 198
720 713
45 840
1096 97
1530 438
1522 1517
191 894
1044 810
1399 1941
1897 640
594 1656
286 1540
771 306
431 1778
574 515
1025 976
1174 776
1646 1409
380 12
399 25
1941 194
1063 1762
661 1831
1083 1969
679 833
1619 1800
1570 1041
20 114
493 1875
501 1241
1647 241
1135 1607
1483 1567
864 735
1428 548
1914 850
1515 287
1669 116
1253 287
477 1786
1006 1758
976 423
746 1538
1191 82
1449 1546
1766 170
946 400
1454 541
25 1369
261 297
762 1253
804 990
173 858
1452 1291
606 188
669 1848
853 208
982 1787
305 605
1887 810
