92722 74510 7552
53259 43948
80469 44695
58755 40976
68364 44289
62610 13196
22891 32598
23674 60334
39626 3271
12409 59639
70824 58583
62271 14898
74947 21923
56586 39784
25121 51045
50356 26401
67351 30707
75595 44775
41000 70028
42420 57748
68531 32509
2470 51617
78485 55270
46722 22780
79143 11819
32021 25188
64776 52239
34642 57106
11081 36287
2895 71687
20051 22462
8371 35818
37917 27290
16111 4798
88957 57352
28178 35127
62219 47969
68252 23537
15687 34685
78851 36156
11019 20254
72582 47893
2478 69655
44941 1553
4926 433
33363 52342
51515 7017
22397 24882
37576 39024
67299 54184
78271 4561
3842 44540
68112 10378
13372 43884
2473 21847
67395 23569
34737 13383
44082 23793
25221 23544
56556 45650
4692 61864
79123 1515
48896 25860
34192 47447
54682 2490
13087 35619
72322 68856
4933 7215
91019 25317
37721 54142
67457 70584
13481 60126
88958 17535
32401 62416
18726 4359
22352 52829
44039 29061
71366 73484
11801 27311
65711 34705
50929 38666
79859 71785
73212 34665
67919 8922
69673 61964
82416 9636
14065 66805
18880 3900
1168 32198
2122 14032
87085 70493
38494 24506
58873 9812
28167 64024
65562 16273
34651 40511
38979 6764
87504 51872
19941 62024
35307 36651
9936 57462
68087 29006
26435 61372
69854 19988
26467 67969
29131 19569
87604 33501
9051 70022
35232 50477
79763 25485
46648 42673
35038 25765
73105 34552
91621 16336
11511 61227
59780 9856
167 40503
1609 42534
47349 56491
91601 36285
72467 51944
30669 67711
5415 44784
30567 58049
12842 46515
53645 50347
73199 60874
79121 56088
45598 32363
59899 4909
16012 47908
63884 26931
18832 37928
47000 16013
45517 4330
36427 41475
16760 60081
59977 63108
44140 40860
60446 11090
34329 57748
11227 34999
43760 52589
15574 41387
62191 43374
24556 53923
85878 68439
2573 46064
12957 435
71224 9832
70127 42215
31127 29288
81423 32545
26902 7735
22819 11219
20915 65265
86256 39846
78320 60374
55960 36276
62625 6459
70096 32140
26743 12522
52742 28921
47255 28451
49199 63123
83926 4320
55024 60656
45706 44229
34364 2226
66156 57294
79832 27802
62960 24586
28060 57834
38657 5116
65718 50652
2209 62769
28959 74377
29399 32016
34520 14901
29719 30974
58167 60081
89354 46331
7733 43011
51362 60992
38348 45314
14835 33840
41753 48065
34226 3995
8906 23576
18891 56038
29257 55358
49 50406
31201 56553
86168 44711
12427 64153
22541 8083
24791 52890
58046 5911
80010 62466
14894 25910
16494 35734
884 9742
83536 27802
59001 8992
69728 21123
74473 73186
35324 47893
68925 47631
82215 71286
325 48890
41031 50766
11128 38119
28462 6162
22217 65649
59471 60821
64205 7605
14196 33573
55396 48853
7199 8980
12024 29481
12448 50225
56871 12602
62774 47696
28408 46879
90933 59209
88257 60014
4223 13135
49343 17356
52784 7952
59106 21301
90908 10628
76280 31271
59239 36877
40638 22969
47152 60728
44941 17044
45110 35512
76752 12018
28496 10374
57615 43621
51356 64034
15661 58875
91621 51975
50113 18792
60764 42447
65333 43057
41053 21090
12811 55070
81565 55446
77071 20257
38128 30724
92194 51729
2849 63158
8995 13794
13988 16910
79824 18100
24158 61203
45749 64034
60044 16349
89360 73559
43776 2960
14690 36844
87090 12006
57548 32024
43085 61136
8255 55230
47559 36074
7471 73844
45235 46901
46807 24546
76134 58762
54491 14599
53359 73820
42624 38682
37145 49407
80192 5677
31353 15053
30044 12642
24631 52243
84465 5471
14663 53198
48273 37938
36629 20214
61605 35734
15925 49377
38153 592
20495 31378
2209 13132
88035 38706
41261 74184
51033 54106
21597 14736
56212 5936
54144 36425
77168 17412
27654 22943
29131 62121
89882 71415
74494 9366
9115 63806
7582 49084
30509 3306
43771 24684
28122 26616
2394 41033
55762 46653
65990 25623
31753 6261
65990 18978
17804 6776
64295 13054
41080 34522
92401 43952
7796 26274
78614 39547
60559 22954
58579 47140
91268 2490
51946 35592
19418 66052
54325 22900
23143 20257
10235 61864
32896 19313
69479 51241
75677 33787
12640 60946
31377 51478
77422 72487
16967 31175
57141 15780
12537 54294
77777 63495
31395 62085
38798 69875
79818 26901
4180 55517
49041 36550
28574 17425
19350 51372
39796 27054
74083 70625
20512 49599
43096 11295
69858 39236
88749 3376
44975 13529
3343 38697
28126 36375
87157 35551
12556 31918
18282 70348
86016 23568
13481 4383
49075 56442
50035 3759
88749 58208
67887 54732
55448 59405
35609 18157
50847 38090
90420 40033
60137 14525
29970 18047
45193 28812
28127 48883
10047 1466
78191 63912
63068 4561
81029 51091
25517 66028
80101 2972
32697 48900
36839 35931
65116 41542
29691 3292
58560 31409
43793 55909
28755 61176
24707 6789
75578 23833
39211 47143
8526 16030
88655 35366
32941 73325
32019 26475
74967 46310
43409 57380
39512 3162
35182 25236
57685 8406
33123 25222
72354 12647
8460 45073
65291 32511
57494 56352
91491 67101
91285 14271
39019 15953
21897 66748
21053 11712
83599 12316
56926 16352
13670 67556
56486 43666
22687 54715
16206 433
43092 69057
78185 28768
50235 41228
54246 14944
69001 24621
2174 23810
39456 7215
5415 63350
8941 35331
1311 55377
52734 3957
21079 3605
92219 45451
7586 31461
90543 8049
86383 30238
78840 23902
71816 69587
31374 31274
88004 457
42177 20503
82831 56780
79299 38416
29297 15405
66991 48527
18965 35560
50035 58149
86683 15604
21949 63366
88655 68051
12626 73656
73213 57215
77461 48843
88837 12630
25904 34477
44216 26065
39019 4423
46872 69345
71670 48864
69622 16286
56487 45836
43936 18548
71069 46890
62107 29344
21407 55741
1484 64558
17849 5190
56182 68770
43663 17342
74602 11596
49306 24926
37949 43890
91285 40661
27890 42741
45087 48228
50214 9236
62462 62352
71393 64784
12337 775
81379 57992
46738 30633
59899 67006
34457 11571
8293 70195
40923 43358
76729 65795
39282 1224
80309 39998
68573 35746
30258 60371
70077 57122
61057 24817
22854 62909
84230 63661
9363 51507
36894 49680
2186 24546
38315 15179
72782 36952
46371 34609
85981 64498
5126 60940
4597 72196
90279 70435
18995 1291
59255 66688
88863 49882
33158 29981
35969 37177
55840 19569
81742 65577
23509 61685
29737 24926
65178 6783
91477 60334
90110 64075
795 12630
86266 15116
89137 62522
22900 24084
18794 70941
45133 54197
2923 71777
22919 648
6968 63305
55279 7464
29664 63149
10100 43532
5998 47003
10621 7017
923 58572
46989 25222
56803 10739
52566 31772
48133 46026
10058 38287
31178 29455
23177 72714
21825 61036
77688 11802
8105 41180
88122 7092
71747 50991
13728 35014
85791 65760
91624 53577
25180 13843
5585 72447
52857 4900
85934 65516
18930 49537
51004 33099
59319 6511
52509 1221
59368 18939
33470 11748
75183 73858
88187 64204
20834 8444
56414 26862
43092 17447
60830 44455
74184 16898
40184 12267
23425 54483
86691 64044
91757 7100
87090 68250
83929 54488
5968 49567
31355 55788
8960 4379
87732 28992
41821 24723
4792 17066
15866 3900
8325 63130
54660 58049
62795 10589
48570 30188
6429 1522
14957 55996
22571 37174
15694 51307
3456 1582
8958 640
1366 59639
44975 8967
24081 71510
30261 35757
63939 38159
8829 43536
80159 64080
23838 58462
9115 42587
848 66479
63606 31533
65298 16743
77578 30184
37497 66681
50657 11554
58778 40010
4643 12526
32366 65580
90800 22924
71670 66315
63650 56607
68643 17615
13641 59944
88963 12369
79855 35416
60069 48409
26764 34477
27154 44983
39796 21916
26250 52686
3425 5665
53258 4280
1659 48762
49061 44603
37168 55636
14802 17760
37866 54217
65946 11544
15574 58169
12694 46901
20782 16887
10372 50449
25599 61104
45700 32136
40499 50948
67488 13146
72471 25114
63814 6218
8897 36082
13641 63340
45597 61176
49903 34086
53237 9832
74213 68993
32540 1771
55264 37894
32351 35312
59781 66156
75917 48807
69116 66951
73642 8602
68112 3295
70183 39277
88277 30228
49960 58419
49558 25127
61472 375
28426 71785
38478 52515
57343 33662
92668 39547
48068 57764
39046 34017
92219 43333
73303 50089
6875 67454
19345 37928
24461 60628
923 25042
61564 32478
43212 34358
893 62023
5009 20543
12844 70364
29222 24255
68796 73375
52567 68050
65993 54662
85721 8187
11019 43870
68773 53914
50322 39765
21814 69196
46265 29689
41184 68568
53319 30421
64926 44779
82285 31117
53053 12222
9630 73866
42316 60207
7532 36246
90054 34009
34595 57440
90581 58372
87842 8153
84427 66484
3137 16689
90756 23620
23800 11553
66315 57170
65877 70005
26883 42105
1264 34329
46428 50634
42616 68433
28699 10577
35274 30559
21011 14174
42426 69733
42316 65697
6836 54047
53645 33573
91913 10822
33971 5682
26905 25541
41335 55100
35910 9428
47646 40475
27272 46653
52779 45328
17030 10859
16188 50436
54246 65819
12847 71267
28969 19311
69102 4881
50790 46541
46054 56822
91019 26652
78694 41061
43585 7181
56285 65073
59757 67585
65011 35050
74554 16132
58857 2037
40910 37177
28932 18153
21124 17447
64794 48527
23515 23569
21274 3162
28590 18123
46680 4909
58767 10630
90279 2073
41385 5363
6088 70237
83066 38474
71228 31730
829 11207
37489 50000
48003 62575
11690 14966
75592 3009
84145 6572
79426 31803
39663 63442
66600 16590
48141 60415
30588 15925
5768 63442
53651 38682
19186 56286
45679 10440
78307 53177
90279 43376
35682 59632
67853 59379
59358 19311
76308 2704
58048 25535
17921 46869
65669 65749
83173 4439
60917 41754
66270 32647
25857 25065
19418 33008
35441 14321
3213 34685
24668 30798
77808 31895
53215 9697
41404 32692
65034 32377
44673 17583
48664 25127
9758 66280
37638 68808
50715 42663
78851 42673
3391 52865
55024 44137
11251 770
86426 23105
59905 67199
2082 6774
39778 8478
31817 65136
339 65612
83711 63582
3109 60470
26631 16070
77110 27369
31145 7817
21149 63384
4381 8355
25220 20441
53960 19626
43337 20421
90110 58842
62401 50948
31075 36246
45674 35584
4304 43948
44221 3556
70809 34616
66488 49303
50929 5637
14264 25318
45278 10886
55996 72246
60845 10844
60873 46140
81422 36287
84948 56038
12892 65117
69023 47677
79333 4085
11987 58558
82090 65204
91229 66353
87542 60240
3344 20349
12024 28117
30127 34578
56093 50837
28408 33501
24919 16527
4179 51887
46785 66094
1707 36014
24718 17934
5471 31730
27154 62931
61378 52260
12668 46245
79726 1922
64433 47021
71077 64851
10058 29913
90756 67193
60855 33910
9302 53958
57834 16812
76275 2852
87516 23569
88190 70502
30123 51330
30052 65450
47687 34882
88257 36971
19445 22095
35910 26879
47160 5308
20754 34076
38962 43034
17100 13322
47723 65959
82119 66160
24974 8868
27365 47006
71029 55640
84313 11580
68577 1
91780 50617
92631 24594
52698 51392
67687 70355
12934 50406
9507 70002
37909 60103
20274 61789
20347 52239
35232 54792
10745 46347
20174 25112
9010 52055
51271 8170
52719 51572
30166 4973
39648 29910
47628 63870
69202 67020
88365 35820
92555 65673
40573 60698
84383 33694
40720 70022
71898 344
15519 11229
11584 3065
15160 73177
81491 30710
68090 20019
25142 62937
63463 10019
23786 26220
84851 25353
65128 24402
40307 67116
92459 29869
79870 48369
14655 51727
70046 30084
88548 73969
56209 53737
73250 57139
50956 21354
66934 7620
59996 53786
39827 59430
86383 65571
50416 23066
5746 67871
79206 23829
23674 33455
80078 67852
18726 50232
33319 60039
15767 59050
56941 29806
22116 889
41533 27626
8906 19005
62832 56703
66850 43210
54530 50278
15566 45181
57136 9521
13255 60902
88389 26862
15780 558
26074 65266
71860 63649
70163 28817
33676 25910
12694 12984
46963 5533
50055 41530
41592 57374
46890 1756
88643 25587
49656 70279
42722 60981
52719 35854
42426 49319
35195 36159
13023 58192
52982 40694
43161 70184
64569 48987
67638 14865
15173 44445
62001 55741
2389 4383
35231 46140
41623 71074
77856 960
46054 9455
58778 42858
83080 16777
44673 16967
17704 71222
35142 24605
33700 66173
60741 47715
20782 54596
52842 2339
81999 29691
79344 71266
63463 27549
35441 38901
87463 61476
65034 46929
76929 36679
47628 18179
66302 38227
85904 49734
65820 42388
9959 53990
676 22803
14132 29754
80046 17766
88270 22285
61764 49920
35762 65266
63533 39514
49 74319
2377 36550
16177 38127
76729 71155
6481 63862
1707 4941
7532 53176
30613 61758
82571 9450
36084 61237
54241 47289
80468 25874
67634 10275
65404 53534
91875 38666
42645 54573
76151 64065
18819 73901
61641 63826
25727 29024
22725 56491
927 69057
21949 34578
30019 26616
65916 3091
26585 3162
8692 67400
25142 71152
63995 40460
28122 43374
5178 3306
31353 36375
18016 43870
59275 14993
85143 70536
70934 531
72756 2258
36421 65450
36889 21461
90906 20845
71893 69288
13186 34709
28462 13055
77456 36276
15737 2647
49846 35329
89297 20808
69547 506
25180 5190
6605 73043
71228 67558
76497 33840
67998 62593
26822 607
91538 42413
14465 33228
68344 1645
90112 50906
52621 41040
91959 20189
70127 11819
8829 26936
43518 4765
14564 2847
15565 14032
41167 23827
31941 29849
79844 55726
12971 30633
74083 10630
38862 29005
90824 10882
60984 17731
51691 53534
72478 71617
62546 47154
72051 23514
16691 61476
88618 21371
11295 71152
54175 73325
11181 21294
54967 39259
87942 25703
36231 45394
30504 45171
42809 55996
64635 4013
61907 21395
24293 57667
48333 39500
35038 44511
27778 18047
66748 1001
92046 23180
30669 31625
22958 45855
23793 23271
13249 25342
9935 61848
48505 20251
70507 70911
54067 50356
74225 13557
11489 27839
40174 22924
72720 68066
83486 58231
12392 28286
81891 16967
54305 54550
28686 47969
48311 73460
70522 63692
66487 2865
60137 68974
31028 69892
85839 53107
53330 63918
59368 46017
76651 38187
23901 52322
27170 14353
41686 53778
39057 14573
51953 70125
64068 51742
44076 62415
67712 2050
81630 31461
90010 12438
25433 55680
47723 37840
59126 24913
84568 65567
83808 36014
26727 51848
57499 58528
88548 57380
7805 52114
81360 2711
53005 1876
46100 38393
25483 23902
56113 70513
339 16769
81691 18918
77218 36971
22819 23670
28206 16096
80259 71956
19951 8440
32646 57357
44363 17465
62763 16336
81859 58745
33674 28752
78614 2009
1327 11554
2672 54040
44611 10104
4612 68362
72971 51701
4643 23618
77986 20870
27082 26775
67791 29245
91903 68072
7733 42509
13722 43146
52648 72339
87710 22120
21124 40619
61406 42793
51290 51727
56571 73969
20064 29793
37985 72235
16739 2862
27678 48649
72331 72026
49717 30372
37672 2956
42933 11256
79816 33842
29536 8083
86379 38915
36894 67364
5072 12602
42420 62349
77504 66105
84160 41918
46913 35085
81691 56033
7304 55069
25599 47471
69187 21586
62194 25974
55708 49377
78070 56286
11835 7092
87086 49222
41162 11995
87054 62516
45456 8465
41638 44943
12988 52562
4097 62775
3426 59601
68715 56946
4672 7312
85064 36672
63155 17465
59231 41210
38538 59191
51824 14238
66572 27891
19441 10407
11957 39138
69846 65622
22758 4680
44998 44137
34263 69766
31127 20665
86263 15011
65916 40274
72606 66622
51828 20251
32865 12114
67998 73641
7300 14895
17765 3900
86806 54779
62146 15558
5881 34718
18971 22364
68502 3187
90212 41661
62107 17552
64075 43987
28151 28654
46025 23537
71214 61796
90602 2862
86379 58768
21079 72901
72797 39600
66313 17292
6096 19717
41014 30580
70670 19709
18333 9847
67960 32651
65679 21742
69298 8732
79037 65045
19962 73676
90807 63926
73230 26663
90194 39496
76790 22872
48882 28913
76552 25444
81454 20602
27343 18779
71162 73367
16150 11544
78132 7676
86993 5168
6875 27015
51215 506
23713 41429
46025 4423
13344 7580
89717 18754
22250 12170
87606 14901
79694 71744
30876 27057
56363 64744
33487 28752
14879 63180
81196 30900
33446 32363
10554 64098
71816 30076
11227 3545
62097 11090
53939 28765
57034 29570
45968 42856
55642 70178
34253 74126
69464 40511
73771 22654
88004 47498
81108 11431
37116 4658
14372 73003
85203 46093
10347 22986
7391 63401
65108 3162
57737 2494
22922 16898
25423 65488
88596 62312
41078 51478
37783 3781
66805 30679
61189 15277
78764 21619
1401 38753
75349 30194
62626 54319
14218 39072
68247 1835
75653 19988
71083 47971
58046 43384
65877 9284
89593 43681
44780 17282
83869 73557
68798 41952
34651 17151
28762 62650
65548 56256
63291 71045
64926 59885
90963 66225
51877 49582
29070 57784
58 45308
42177 17289
19941 27000
46963 62745
33564 8787
82407 52484
13497 72277
65183 15080
38431 27979
61603 67416
14453 5596
84088 1291
21166 28400
76117 38013
58953 57549
23223 67416
70077 73251
61796 10023
74225 59050
23269 5718
9561 11543
4716 37830
46139 59571
68764 56731
11883 29579
61472 17254
2530 56471
3158 9236
88821 19062
32586 35627
30504 70153
25850 49470
71800 43787
53437 12526
1264 2321
37464 57371
81083 26864
47046 44568
87673 69600
30039 51744
40476 45346
54241 30192
45751 52763
12694 31726
85365 10384
81423 53737
54215 29910
9507 50516
1356 20875
7210 9798
16574 27095
2373 53467
52117 40033
71202 68283
6554 6195
70816 1522
17727 15703
90319 31975
8226 44417
79870 56749
24783 71155
32655 15179
90212 36952
63088 5168
23713 3469
83806 19179
46384 74115
83173 42163
52982 70403
63170 49681
69998 65117
80049 23974
85376 15366
14159 27459
34001 13055
70693 23012
6088 70888
11584 60103
26599 33224
45293 53187
74428 74364
7193 37807
3719 42604
91618 73725
53657 32382
70164 55327
62490 10564
3388 16840
77211 27763
85730 16924
74587 49403
78733 28632
26902 70364
604 42557
8654 58560
79694 63773
15487 28556
239 68702
42955 36738
88799 55017
16188 41435
4107 32984
23110 47875
56645 29546
66754 29735
73394 23014
76323 70095
49475 66960
28959 43220
30869 69943
9233 62680
43105 74481
44592 52577
67488 3019
46428 41178
48578 63712
47627 28670
35489 64856
4662 46869
68010 44714
62706 5684
44363 5132
25255 28657
91673 12267
45754 55907
39898 20602
30123 33764
19786 64687
49931 45376
50956 10875
71434 10941
70343 45088
83093 65123
22808 52855
68913 69189
75969 30855
11883 63111
4097 30710
67873 37138
89645 23765
36671 5698
54885 15410
57115 41091
1758 13794
80328 43376
60741 15410
5449 43936
63847 65571
49326 15710
42512 47390
22855 66455
45805 23778
1327 42860
37194 6166
18945 60943
59708 30142
77986 60807
51756 37830
64854 6412
77705 72313
84895 34999
47711 43040
61455 55302
64205 48784
7389 64098
50353 50814
4926 56272
5210 51372
59034 19328
84127 49248
33067 70360
5768 29382
37420 22148
68266 68936
75541 59050
85445 12259
19249 14469
81029 57678
7396 67534
80352 19492
40573 33925
68974 12541
78878 1967
4304 57578
84405 12638
26282 216
26178 14159
71800 19722
33767 46248
11061 69808
56122 45799
87778 57895
75543 41164
91400 31570
56586 71045
61189 58434
11699 66537
45910 48528
92681 71856
47295 45824
42148 55302
50278 14668
3158 57386
27177 7605
75508 46017
42989 47021
87305 11295
8000 60077
75474 43666
67577 32631
9798 28909
43030 35166
7017 65649
90393 49509
83050 42258
62220 56033
30044 73177
20191 30025
73089 2956
12892 22063
5948 18493
73740 55907
40445 51257
6972 26629
386 54295
20247 35703
13497 71111
70557 41568
10210 68086
16481 36127
50097 6352
66212 3469
12231 28854
88394 63896
69136 56363
33855 17569
40571 40900
89106 38697
20293 25848
89140 22251
23411 10378
16105 10822
3043 45088
16043 54452
13924 38172
9012 21395
11915 57227
34502 54132
39045 3600
17921 44218
6336 8644
80192 25635
31527 66160
21798 10306
45482 35854
927 42739
29041 40967
80265 55160
624 29869
73712 28329
23177 23514
34253 6974
81904 7232
47286 3720
44970 44724
21368 28859
42518 44779
63736 72699
37917 70002
8737 13619
20479 52789
79749 58434
18928 22212
62136 30603
66173 15366
45197 27626
67484 58793
63776 17572
75082 53990
74195 64784
34914 67150
80875 36487
43057 72764
35512 27886
53960 69579
40750 15759
24974 55520
72478 33622
2923 50001
39654 9440
62219 71554
16649 5054
25576 65424
4432 18959
45605 64432
44665 61070
22217 7620
40499 24929
83367 19629
82219 34317
62847 36104
77251 12535
6605 67491
67048 1313
17041 45178
71338 23971
75708 63820
17575 25635
36973 1391
25485 22087
37721 39457
12988 69452
53608 10787
50185 69486
45087 66842
67608 46683
40923 58589
35480 29344
44975 586
92112 69526
39045 8406
39686 71744
23660 66748
15058 24110
21887 54525
27975 14753
12115 39325
27937 8045
31201 53719
51044 53769
31585 4138
2895 73714
57139 63692
28768 70497
78307 17896
51824 28216
84 37592
65183 44868
91998 1517
12019 72232
5953 10019
83858 57678
44597 387
60868 29508
87916 29668
60596 3385
58687 27811
604 54452
21599 31625
84070 18543
74383 60902
29784 42834
25713 36987
59239 58768
8245 65682
87248 73195
11376 70153
39057 60686
14617 823
91777 10687
49141 30751
18930 3399
76611 33115
23886 62327
5192 16700
39679 23701
20108 43035
7389 58005
43409 51324
81908 11769
86303 12455
85450 35436
89645 32156
70275 51480
21479 19118
78614 10431
78155 41179
12337 55578
77777 43936
35487 42797
71393 51586
54867 73853
4174 50436
10038 42033
32000 51681
92716 54309
90357 41760
17743 53019
18794 63796
30019 12596
85227 28695
84171 48836
61187 60374
2309 18100
6887 18493
6973 29793
73538 31092
63736 56660
32697 43220
66302 6153
81346 60744
16137 42225
59432 71967
72661 4108
39127 23793
3579 47243
61757 44517
5424 54094
48294 45191
71751 35334
42512 9835
66604 29536
20867 46846
50540 48185
27548 28048
6336 47908
82407 58515
20499 14599
8245 8206
90579 56172
46079 728
32014 17576
79447 52623
37565 24891
9059 55149
88785 46253
89882 63562
41853 73746
36991 19637
66403 28556
9134 10825
3729 6489
63087 46707
81295 61098
53005 27144
91607 45394
7561 37802
12928 20191
30509 20191
84971 3481
89360 5665
53939 58166
73162 18120
29467 3720
84427 1553
6367 17298
28681 15091
7964 70622
15160 60635
74043 58930
64569 65116
14657 21619
35488 21315
51267 43521
85829 49124
7396 58208
71434 3280
69370 28061
42624 44158
72331 48528
125 17770
81254 7530
35512 51069
67858 64366
19777 2976
71887 23678
92668 59437
1403 70065
69464 43093
6481 64365
35566 52473
86303 13557
1819 60036
62195 19697
33323 26220
85203 31413
45377 66968
49326 21110
62715 23116
79449 71246
67687 32067
70744 38013
18585 69851
30372 65932
75880 13824
4189 36651
48627 14612
50540 20695
1996 31682
84856 49920
18924 27330
75474 63279
43438 5141
11404 34941
65333 9366
90041 36469
76628 51782
42769 39920
2799 66156
12392 2507
21471 43498
33400 68790
60334 33910
72320 8997
76391 48055
13990 62593
1835 35268
19759 39512
68913 20843
72954 69821
83791 4283
41053 55413
76611 31439
60239 68439
58070 9705
61063 29481
47686 48689
4077 20706
71626 29611
7335 29153
28859 28547
29451 51053
425 5202
4879 16900
65679 47815
28758 23476
30498 47344
88182 48284
8853 9982
37122 71611
11456 61508
90026 48494
70862 73844
69480 15426
18253 50691
67451 9168
78221 4636
53998 29283
34365 37122
56753 42219
10554 586
21105 33725
68090 63169
15040 14259
92137 21586
54704 53244
92137 12137
82151 23581
26178 44539
28918 28443
34473 37
67243 35310
10100 58631
8526 6459
84385 15426
37609 62909
10410 63223
45727 3202
51522 36807
62186 65097
68179 58528
87548 2321
13698 11425
62194 892
56304 4398
49184 7513
46890 20986
21251 65697
71409 24216
77814 43521
25017 73796
84647 50377
33654 11207
88844 70592
68948 52451
72551 43146
35274 42557
20471 38767
17690 50661
9434 25693
10542 4924
14109 35818
60211 1896
11869 56172
15598 63716
11367 58900
17608 12540
10836 48418
33007 54564
63866 38501
69877 12361
77814 11683
54305 58799
85064 9617
90579 22200
38586 35560
89076 30244
38494 39354
5985 56352
16012 58192
76771 9549
53260 68862
78221 9455
18928 56322
60383 25105
61757 1109
50636 59011
54621 5677
88053 12776
62165 48381
80117 10875
38461 29270
15285 23568
66403 65860
32637 51974
5636 6489
11957 54662
80396 53980
74680 20964
30765 33622
19488 42258
51515 32161
60851 21315
11316 5849
12797 55578
84652 63929
31364 66869
42026 62575
73928 3545
85267 56325
74680 21314
65155 56087
1609 55517
5408 45858
24215 63806
46941 9636
70803 16043
38130 72503
18419 34702
1174 17884
84481 53322
48436 64080
84969 14415
46212 38924
46680 63350
50451 67178
68522 30559
47255 239
46298 12280
49558 61447
46449 50356
5002 10767
18157 63870
84969 51046
30876 42447
2007 56852
80153 70157
3237 21588
58035 27953
15051 42167
90660 33266
7773 28400
58755 30228
43183 4528
44653 25317
6588 39500
55470 58804
31853 69675
55230 31007
73277 7065
80328 3850
77890 34577
55396 30666
25713 23620
8586 23827
79143 65581
85143 60974
68663 60992
82571 9700
84189 22251
15385 11208
91334 22872
6823 14241
84392 41040
66754 6800
62342 44983
36337 41601
67990 32791
92340 38198
75079 46541
29257 64716
16725 33469
58305 62327
24211 30411
88826 43532
25727 6764
73881 68669
18442 23812
10621 47259
67048 66364
60984 74184
9280 9847
3477 70433
27936 26845
30765 51623
54637 32145
67497 13916
13452 10232
72797 70439
43582 6599
9280 16384
65921 54666
47349 57260
9630 15716
63986 20982
83836 42353
40810 66958
49677 34925
34058 55193
84923 18300
78497 44198
19339 32149
92343 74029
8105 37449
71342 61090
30348 42680
11903 48762
77071 62850
64164 36156
76577 52893
30406 9595
51748 28654
79199 59823
29300 73908
48182 17583
35312 46650
65519 65895
6025 67483
79648 71434
23507 25073
50264 54885
64130 1876
80251 31696
52192 29691
10884 9428
31095 49538
8306 47251
848 35095
79965 70966
47683 57913
74026 12537
72356 20441
20577 74377
68925 58762
29967 30785
12844 48632
37326 6489
3980 65135
49960 38915
24064 8644
21694 50617
19985 4636
37565 42318
35832 3399
83926 8135
37886 10589
53260 64863
79917 48923
53968 44453
33545 63507
35487 34599
19186 38029
650 58518
24919 36498
11903 36198
8462 69216
83367 62680
16108 19313
1636 63918
38830 58056
35048 14671
91946 58207
82854 22121
90010 46515
32311 38127
78505 49551
73243 51872
43639 4812
13822 73186
35791 52514
6165 38647
25798 47289
25483 50395
61526 68086
87527 34802
48368 6606
28308 29913
22541 24959
11511 67178
28461 35524
47458 30184
33470 13775
86969 64497
14084 53305
90026 59826
33938 46310
20076 48699
34714 61992
81621 49260
12181 73402
7867 44974
29427 42793
8861 40170
77251 24808
32404 23671
30372 14190
5074 21287
21799 54779
73230 31772
82384 17997
51953 21409
30039 39765
17069 44573
2261 55715
37138 60656
48252 39453
44008 20883
43822 57913
8504 6661
61674 22913
71248 57467
18333 31413
73609 2613
52567 58842
82663 67225
52409 36039
37284 60077
47863 38072
65820 8787
66956 59501
3137 7131
6353 37273
72252 13902
62470 13556
49871 4270
49184 7770
87560 36523
80446 51992
62767 44021
53277 5647
66212 12401
88838 28216
11316 49006
41173 39320
125 2
15565 46191
55230 56768
71446 29845
67864 49567
14990 68362
17090 35839
75543 20257
893 46533
88295 40661
68573 14271
43562 73103
3364 20598
63155 32065
37390 9188
53259 9282
19768 31818
8050 11930
41385 72316
4494 72766
64537 68993
44993 60874
5968 29689
28768 51053
86683 43029
49654 3881
54337 33115
67457 16991
14990 6080
20736 22531
89625 17884
9363 63401
41964 68586
62490 67646
62508 49758
54238 18476
39437 19943
53968 41475
22487 27919
39033 871
60764 38236
11236 71253
54559 2023
1403 39599
65108 19251
51033 27009
31697 64670
53237 34732
11274 23371
20230 4885
32878 70989
80212 49168
79933 45552
53547 30693
16929 3194
24791 15699
21887 66598
74271 39079
32053 8732
67185 16666
44517 32382
33996 20585
23425 21799
34457 67225
26282 5470
33067 62903
34479 33012
14492 46998
38259 60981
5902 9847
15212 36249
7805 66661
37168 49758
90824 51940
82996 36767
71986 62228
42722 16697
9148 71315
68238 15192
41393 51992
37420 933
51213 16349
58 28859
71069 22784
56155 51701
53031 31176
52501 32179
64189 62741
19786 67768
74456 20499
79763 24980
83486 26845
22958 21235
2371 62058
31753 26775
77280 8423
50006 32766
52318 74058
22190 48424
34595 18540
55448 55636
72941 11429
29106 49222
1885 43361
25533 68498
30886 4680
6140 67193
79565 29546
59368 42739
19952 20300
54967 70989
36337 14797
75639 65673
4692 43884
16691 4910
2470 51046
5906 53147
80246 68790
76476 47336
67791 64558
42184 13220
31377 15655
39149 15435
35510 44974
53491 15080
86016 73934
9291 20695
80750 8135
50657 50496
15598 44538
23862 31948
3719 73714
43110 60633
18037 21768
54175 15604
45110 66577
84182 32509
27620 6571
47753 70439
67255 4962
47711 35504
53068 5834
40566 52855
32393 50516
82218 66246
23800 36937
50264 28297
11985 52845
19445 43907
61730 61412
89559 43478
34664 7904
59893 32464
66042 3777
9902 62044
50191 48356
57203 30661
51556 66877
66895 32511
14683 9812
33036 63282
35305 70424
72252 1380
12951 35820
88746 62064
37861 38706
69673 20319
38538 44812
49616 9400
39452 52322
76277 6441
88991 51665
21825 2635
18468 2059
78744 13312
48382 33591
81223 13619
61063 49325
47890 51330
67934 65922
63088 72359
35195 5567
67712 43592
34464 68101
68677 2624
53363 4280
46139 52829
70329 69655
55557 73809
68812 74125
43264 49031
63301 16372
63606 44032
30184 37163
21479 41379
44669 74040
69119 6015
10312 71286
80019 59916
92194 20875
50277 64075
50807 20964
26585 38114
52826 22784
51467 18795
89261 50347
67783 29606
20499 49329
5076 71687
61603 1559
45377 50691
24626 21190
52143 21414
92475 10577
83903 6772
11858 9328
82215 48284
20574 22159
8531 71909
74506 65758
21328 8971
18419 61512
28852 66255
29380 32897
2799 34832
30258 60227
21694 28956
77459 6800
79445 66581
70403 23671
83066 32972
18442 11171
39217 68844
57929 5197
86516 7092
32294 34337
36231 66225
14492 51630
81379 6412
54955 41542
78485 33183
76445 20643
84129 54016
58410 44087
45198 44666
87377 48418
34878 7232
90461 10440
45866 69648
89173 24825
44088 39846
11941 65568
50980 34329
68630 69626
72641 13312
67205 60365
84080 57170
24042 59826
32646 34536
3844 26071
28859 22298
32832 60821
67919 71722
39437 48858
86716 65045
79150 33842
46100 41599
92631 1896
4381 68505
70403 63927
62342 27349
68558 71305
13255 72123
9302 37221
35682 73728
61030 21671
3882 54942
86969 39453
2450 62903
80141 47291
69505 32575
72086 17883
90060 33090
66057 13158
81621 24216
23571 14258
54165 41348
24169 67612
59608 13933
34364 3065
56091 15879
76790 44695
70747 5363
48382 67123
90744 23061
92112 12540
59072 35012
39134 10495
24314 61964
25533 3385
76791 25268
18037 49260
8226 41568
69168 54631
3239 8136
36421 68014
84160 22601
92496 18959
62322 62415
53281 41836
73303 48267
82119 8604
57443 5427
82383 9882
24064 11171
57782 6290
84103 47815
52337 22261
75446 24489
47088 8602
55076 1739
5721 5637
57494 67364
18971 41530
49833 38341
14107 29668
86263 29868
42033 784
51398 62585
11858 70618
19759 23974
65921 46026
14655 46654
26967 15081
14894 36090
20347 19650
72606 45319
56962 65116
83135 42189
5576 57691
48860 62694
1356 66805
74587 63587
54854 59733
80790 50449
78509 73246
13995 60207
65276 20489
71196 31872
90289 30670
71589 57467
46904 10605
15748 38688
62191 42737
4914 57464
81595 6230
11621 28287
22352 68904
6966 38227
83753 13312
85934 24808
63291 55069
17567 32425
3782 50081
47687 30319
33428 73460
26774 54942
35290 61821
49704 37920
80902 57806
14084 53617
63730 35639
16481 19331
78708 45324
49330 59852
32294 68808
19962 42345
59072 4368
67255 61059
82090 21232
4045 12934
54499 60686
77221 51134
51004 60405
91795 5530
15067 54703
61455 2385
57100 14566
14859 8859
72550 37802
8104 3764
77613 5470
60574 67082
29427 3104
19829 53577
53595 11769
31724 64238
16784 58457
18819 29511
29300 784
12971 44540
11858 72283
17743 10275
65669 63685
55138 39866
87648 41257
70026 68317
27508 41687
58540 5661
1758 31590
52842 35186
66057 40274
54576 26220
10163 61821
24182 10037
86375 63507
61609 11553
50194 21945
17598 52796
91840 20804
33938 6166
41356 29806
90060 33266
75868 35551
22487 35331
43801 46744
17648 47140
84088 40860
68974 10605
82267 8702
6082 15780
33661 44209
13073 55302
40926 49325
21455 23749
85730 67768
88596 4270
68850 51896
3334 49664
4597 65959
74668 4127
7879 2854
76277 9947
24042 38794
6219 72243
73084 64944
58646 263
46276 57266
11422 59405
90906 53450
80076 60597
32459 39692
795 48380
43988 503
59255 22894
87548 56328
11652 10030
83877 70868
2309 457
12818 6730
3826 5520
60873 67646
47559 68672
62767 32803
84103 40299
41821 3292
71033 34552
78485 17883
11621 62745
19794 12359
41964 46159
33383 73796
72280 31096
29737 58824
91538 23582
76020 66119
91400 25338
66851 62058
59996 13197
43161 26078
9434 54036
17680 69685
75677 21807
86393 54488
7391 18567
89625 63929
84507 44603
49006 11431
23356 60413
33227 60050
33674 12215
72211 61598
25225 69607
71484 28021
27425 48807
69829 71925
91517 20503
84366 42469
26787 35166
23037 69304
88946 4513
59833 23476
60976 49303
18350 54631
14438 45919
55211 19778
26416 3624
53673 43787
53985 61809
7703 21905
84857 44032
50929 30084
49364 11209
22839 51397
68238 52256
48048 69626
14245 770
8460 1360
78760 17151
87856 19650
1617 56919
48570 22086
85376 37807
82219 63414
32620 14190
54530 43192
10354 44438
61907 17745
10979 10232
47448 60828
8076 56660
18403 54591
88799 67646
31225 60421
48110 26652
48896 73641
22329 22261
85117 46564
14926 24758
46687 59050
2754 54392
86472 3428
65969 8967
84855 67101
52505 13203
43170 27869
14156 26166
22513 57373
42933 42680
63533 55275
31817 25112
45706 7513
78691 54045
40853 69439
22700 10661
60517 9851
71543 22803
829 62312
32622 52048
72322 66598
18751 43394
46687 50661
8527 33281
34300 62694
58269 58839
8958 24873
8295 68586
34982 40511
20401 67416
71311 1892
12115 23294
9582 68501
52566 35268
87031 66831
55461 3245
7103 58745
42193 10345
41261 32996
10836 68882
10347 27549
11858 12647
40031 39600
69298 6316
91405 50354
14196 3152
80342 13135
39349 54963
11376 45828
40391 65957
89593 64217
63523 20776
5192 57932
72982 20883
26967 11124
20590 13529
54888 7008
61605 61045
10936 17569
87752 37449
35852 68464
650 37840
4182 5465
7850 36411
33055 72951
65993 72574
76568 22312
20828 29508
3342 19717
970 60597
29350 1412
34447 17683
90112 21189
86520 4760
72236 65106
90180 60728
67873 49325
43684 41476
79121 2983
52505 70868
79273 30852
83619 61447
83136 37127
92528 68257
43308 59282
79761 64497
34664 38339
83174 67863
14196 34790
59316 34285
67010 46977
34530 50124
70766 70159
22190 46468
4322 34626
33907 20576
49660 31570
2394 35095
63002 49036
30514 3310
75705 68501
65276 28451
15006 23116
86168 71137
21737 51451
80942 31303
9646 1224
87988 57515
81621 38273
79449 933
28969 255
87248 45876
35301 70952
56905 49630
6219 45171
24707 13307
43352 15887
60903 67915
69483 36377
35142 71346
8531 68154
16641 31712
66069 5698
16494 43033
55294 12744
35182 56600
79333 63366
50795 27132
75153 69169
85662 56231
28461 62349
33158 18377
81810 14736
65712 53022
3342 20335
67156 64962
74586 10102
59780 51384
32725 64245
82893 73733
6554 6449
88122 57878
88389 51577
63884 56324
14396 73656
15996 68433
86691 51017
77411 28695
18282 57994
33890 6783
39992 20883
36521 71698
43723 33455
44780 36813
70766 34025
31956 12362
30751 20366
73277 5045
50715 2949
59913 36987
64180 29382
6367 64249
51799 53244
17055 59944
21033 72127
9668 48836
27508 30751
15661 14159
8242 44039
37974 73608
15641 12231
24094 4007
1280 59525
12847 60521
1997 60334
38261 52589
3826 41348
82831 29245
30018 65992
71800 25519
60792 62424
62165 42899
28233 49477
15866 30900
51078 12934
34653 51091
41000 9328
43197 50633
35298 3271
80049 18175
43212 4861
63466 54955
1168 2960
63395 62659
13049 20102
90827 34472
1280 61753
46371 52899
51526 53633
8586 32198
41940 10825
68630 8153
22808 47498
79206 14638
57969 1422
43901 45851
32878 70619
11404 27891
34705 45107
63056 57083
91777 16887
48578 15900
91289 71743
12890 5533
22329 6974
80396 57371
8325 5567
55840 44396
88582 3019
46857 67852
48352 25127
91517 5592
33446 31533
2337 10938
59217 20189
36245 30798
48061 59071
57041 56551
18260 62650
62476 9798
19521 47344
84500 7492
82232 50001
17598 54839
43893 25974
28496 30076
49783 15759
10745 12928
53330 32149
4441 68536
42105 9161
35589 48900
27756 27004
82949 10550
44571 64920
79434 720
55138 68165
39522 21979
10617 49522
49992 51975
554 29006
29135 52815
7585 707
14396 63562
44365 53151
79150 37592
56304 70005
59913 36800
22201 4792
76556 67742
9582 2704
49041 344
46581 34281
45754 53720
61736 20214
58486 7952
51467 30855
61114 28798
64800 29061
87014 71727
92270 69103
58953 17631
84035 68330
15566 65642
23804 22067
90273 55149
17085 55475
82070 30192
54782 52422
62097 70945
39127 38287
26337 19348
83911 50399
34852 45250
18832 67618
48068 65758
49660 2028
65711 36771
88724 15879
50155 30788
42033 1848
33138 51017
54863 21354
27721 18792
30867 74273
44088 24724
53905 31975
86715 53778
45392 56363
30406 50880
35641 73531
26980 4649
46384 7015
27987 10172
87432 69526
54108 13436
40720 17731
70044 12537
13189 15091
54930 51451
68663 60437
9619 63685
42105 56088
19488 14429
69325 70355
38261 9381
386 38671
7976 14537
53215 63032
14790 41180
70453 10611
54766 24817
49864 63927
28308 33504
36022 7679
79852 34281
61736 24094
72011 30237
20108 24094
37265 31872
19966 51974
58185 74364
19280 64249
35290 60081
61674 36169
71311 69345
70046 68667
91301 47228
85720 30319
8749 11090
89717 14259
79378 13995
62814 1739
55270 19610
48664 20731
57457 1086
70747 20577
42777 69797
9924 66
21825 40535
43352 48077
69450 37128
89547 48843
76280 30504
79818 4737
38366 25342
78451 55955
92401 29735
78185 44724
69998 42716
72236 41914
84313 73520
84145 35211
49475 4182
80902 59354
83807 37138
81223 72766
83929 33866
36629 32145
45107 10917
18355 59279
52264 17254
83984 58419
10188 62353
31293 56919
75541 4285
91738 9806
5313 23271
44975 66842
69175 57029
73198 46095
32637 56843
86578 24943
60851 48105
24169 63712
86963 24259
36475 46846
43238 51307
11236 2616
15106 68974
86016 63820
23515 24234
83910 36633
19966 69733
50920 33787
9980 43987
16641 65433
38315 55726
81422 52657
88218 52865
909 52283
36258 47154
4745 6962
20495 5644
62350 14668
34106 2037
30166 41033
91780 35012
83832 8174
47817 48151
77461 44396
88582 41599
8342 21641
87814 47160
87014 4962
48039 47971
75362 3104
5721 65429
12053 67711
41356 15368
40031 55764
25651 42766
43170 57578
60094 46920
11931 56616
79906 53578
39137 41379
90709 52377
83599 58166
47260 61573
42306 60334
79275 43508
52857 44158
90289 12541
53617 43617
74963 64404
43518 49522
70748 42105
385 45442
39097 13054
9233 48105
53586 23780
33363 47389
26916 7176
80246 66986
72637 69644
87516 68770
16939 41788
80246 68154
14564 1645
16112 50906
33725 56722
74016 8206
47216 42231
68054 2976
32655 68068
10775 55978
50006 48358
72470 73974
45751 24940
74494 5471
89106 46819
67858 27129
51791 66455
55683 59727
8076 56772
34192 63139
17517 1885
53319 31262
42769 7918
17527 65097
74751 36251
52193 29201
89616 48503
75733 74255
71413 61059
15641 44100
88898 70625
42396 29220
72471 33794
13539 49378
83715 33871
71083 2686
86313 56272
60600 47289
87670 38688
20293 24413
26430 48599
24718 40291
92528 53172
43562 3366
5906 33289
87856 37279
90737 51630
45605 46419
30018 5135
71696 65265
2586 61578
34498 46347
90641 65922
90607 52045
45243 65665
78762 17298
84383 55446
1511 19892
48056 42877
70258 46387
60094 20598
81621 35310
21955 61893
2885 41387
49633 33469
77456 31262
16510 21463
72756 10197
2478 71736
26787 15372
37145 48574
72869 5644
72467 13743
24461 58583
8259 44087
53878 65860
11181 10440
44206 40570
85438 56822
47458 19630
66991 35504
92681 31146
63068 69943
35566 39519
87988 46981
39152 42776
40462 63384
39512 70180
28918 74120
55264 19179
8995 21847
54175 28297
26074 16910
70329 9541
34379 16924
50137 51122
48648 32040
82996 69205
59001 43206
87604 32065
12957 12744
45832 39668
41239 52701
43893 66595
87305 57029
43631 66595
21840 64642
29494 73246
12019 47106
88618 73404
31982 20419
50538 63372
15167 51480
83910 28541
7897 21588
9991 12928
49717 55760
36459 36487
40902 56169
7586 25338
33985 51507
45727 29644
75595 39072
90438 11672
55634 34536
33545 39342
13995 53100
47873 9776
78614 59022
68010 9549
4696 21905
45198 64204
3890 25188
43793 40363
92163 12981
5007 50814
44140 72901
87155 9705
30300 53172
57203 44643
87673 38678
13928 17997
84922 63926
47176 24723
64295 37201
18136 23031
58335 27880
15118 49470
43582 31818
43197 44516
42955 12445
58305 32848
49006 72283
79844 70686
73036 22654
53491 17545
35555 17088
45133 52838
67638 10040
1511 45598
51923 22198
8692 65353
2261 42383
82180 18377
17804 65581
83439 56393
18201 30757
13999 72951
45926 32179
30567 11956
79859 22793
48133 29849
85064 54839
49578 31397
54704 50089
35312 67668
4486 23747
85981 11127
21903 18132
66882 67454
10775 3442
9220 29120
76020 13024
80316 63046
34236 3614
50320 72277
33525 70742
27024 49248
60830 4358
22236 67475
41588 40900
55076 70498
40184 72601
8371 61753
11835 41487
19181 49975
8149 66255
1230 67145
14372 54981
85506 51521
47686 40891
49505 72185
18921 39138
86526 26475
54682 54184
15167 50233
44414 73866
9220 20731
20674 55327
66313 73137
77218 22521
9808 12270
68702 29642
56212 27668
86013 48477
12890 9349
7964 54703
26412 12638
91477 10238
31293 46317
18924 42189
85438 63414
81394 71027
20779 11821
46438 35211
88821 24234
14218 30620
70911 23012
20644 27811
70159 47994
47627 31814
45255 57462
3299 734
9758 35551
87578 22268
67990 46159
23507 38065
45548 27132
73678 13556
60722 16047
14438 2865
75733 4941
25850 44146
73012 60943
35995 31712
38962 14612
81317 64404
51526 39624
81723 59430
30186 8267
67243 54573
48860 64044
66860 35587
43652 16909
67048 7530
37223 44229
81254 10054
44211 15560
36631 37938
51044 58926
50863 51940
9946 14566
3299 18130
70096 37980
69479 10691
17677 61526
47741 49726
36890 73746
20230 67969
55557 57160
70744 29570
91624 48864
91282 37086
15118 43927
62229 42514
29235 39024
19345 72127
14044 18385
48661 47861
89297 2467
46608 1582
44905 32758
42443 26167
43822 10917
86285 56307
61187 4617
47024 25848
37105 12170
44105 31096
51361 58875
74167 61331
13698 41547
85227 15985
5002 28
27365 57083
19951 46165
64776 70403
68266 4295
11878 1885
68308 20507
71214 24594
72354 69600
68427 2442
58687 20257
22250 60807
28440 69799
21996 71736
55642 60371
424 42766
50929 53071
49343 39277
73831 55760
715 4513
82159 18494
60049 72896
21367 31039
21441 18385
48110 10443
69370 16372
82954 50633
1068 48358
72661 7734
31763 66869
33055 72339
10235 21461
80469 53665
29052 29480
73996 22067
46785 11003
22532 45836
13221 46832
59757 14414
66882 40919
85087 13722
22997 19225
55648 22312
43087 35919
45243 73251
79513 1892
85450 44218
86219 21805
26417 64365
56486 17934
79773 68433
11367 50081
69942 53178
84923 8487
73105 46984
5948 70619
5283 48574
77926 38733
65885 27008
13722 58616
79087 39475
2897 18300
84902 1086
37949 74011
87648 6352
32624 46707
7561 73858
48834 66958
86963 1001
34642 34009
84851 3605
21455 387
83080 9242
14835 70513
58540 48448
46966 35627
68087 18123
20779 70441
59106 27396
72146 20617
78320 4792
50185 45314
49199 8359
71077 70095
59780 59282
56517 69675
8286 23765
20736 16743
42920 16641
79965 25703
9148 62347
88270 72026
30498 27145
30261 25246
48882 50652
49141 58231
86715 29178
10658 43315
25844 68720
43141 58344
4674 18590
25561 38863
58767 52789
46807 42413
65969 13203
50673 7817
89616 51701
39150 4649
14617 70424
74451 38699
32586 4949
39132 68287
37909 9697
34662 49374
92491 18918
68558 17246
39097 5661
71342 45250
85322 71109
56789 70911
2625 36539
35849 43689
82232 43752
76383 54715
781 28048
81565 66105
75880 32631
58335 63587
90094 41661
50321 45551
84189 72923
5953 58641
34878 49537
16978 59354
28233 71604
13960 48381
12231 4737
52193 41164
32393 27198
9626 62348
12019 67082
46276 64724
77860 29440
37116 46934
5636 27564
39552 71222
30052 6789
50235 59632
53873 592
91913 2860
64785 66625
86806 73995
56979 2983
66723 70028
61387 57124
45096 70398
6966 5834
23714 11229
84500 50840
38830 23063
67351 74148
72982 36904
18253 44868
48182 23569
38400 60635
7300 28755
34530 25539
24063 34953
88826 4861
54637 62522
19777 42215
39137 7422
88286 17685
77890 58793
87962 62850
67232 32469
80309 44039
65997 3855
16137 74040
15058 21322
39685 43333
55266 4528
40853 39877
56285 73676
46079 60759
22750 51617
52817 1848
54926 72316
24674 1835
4689 1409
10018 69479
35480 6153
42518 23119
24303 45464
39642 38159
62401 40503
56911 52796
20345 38484
46531 63111
84213 62931
19039 42649
43901 11078
70693 25127
70110 5595
53985 30421
78273 16520
53270 36074
89689 38029
43959 54295
35248 2854
69883 43230
20274 71155
3842 503
10258 43315
7304 27668
1121 41687
28151 41601
2054 15999
90094 11138
16043 62094
55927 72789
14257 38790
36521 7449
18880 65758
47590 56729
75073 73850
80790 1412
86016 27919
90194 10443
77926 57594
62978 2711
23481 24966
73991 54045
62195 13821
90963 44
43057 73869
21053 60252
3425 59948
87086 22063
37576 31271
89612 10882
90967 59011
74473 20692
5387 68781
32950 27538
60568 74160
78691 63826
57343 29380
65600 30666
42509 5595
27975 47336
36738 10550
72086 67801
21149 16697
84857 65035
78848 59501
46953 34025
51290 73468
29202 16352
58233 51701
70716 32024
14329 5407
5585 73468
36459 69350
14370 28076
21392 60081
78219 58660
40926 3187
53491 38260
425 32682
70421 26370
781 55177
90735 435
11740 70317
55279 58311
10720 5936
13872 69799
5679 9424
60433 4900
90879 62829
21867 63649
47068 56885
65913 20643
14071 25541
45736 24891
26498 31596
18016 69304
3882 57530
72470 71200
20051 30495
33907 58799
15772 48599
54955 35044
17030 31302
91385 20421
69877 1558
57276 52212
39654 35178
17751 63263
79261 14259
8242 24610
91385 66851
5283 65959
9876 3399
92297 66852
85490 28319
42777 62769
68308 32791
69323 34718
28819 29270
6062 6290
35307 803
57762 68936
45930 66733
63555 30788
57593 31974
13960 3442
46063 58631
66356 69992
87863 25648
29953 44
17575 34232
61387 39354
75708 59127
7568 22198
79015 44539
2450 32377
1189 68853
31364 41837
40440 30852
33367 46093
9059 25784
45456 17629
14570 8861
70835 12362
47751 26931
26533 55348
91674 23896
37638 13653
56155 40170
78271 39668
4179 51188
57564 58468
89596 33439
30348 66951
67448 40782
8853 46832
30588 34395
32021 66148
49075 29707
35017 11805
42184 25246
56182 58558
67565 21301
84647 67145
25220 30025
47286 65660
21795 41854
52920 12206
63750 71296
68643 73013
5601 31117
51398 40919
50355 9617
14453 9578
1304 68536
13186 21807
48273 70157
83439 51257
66170 35839
21393 8868
659 67199
4914 64724
49364 46977
70835 49477
92562 1430
70164 71415
83135 36738
79906 14241
46298 41854
85791 29050
43807 69308
68064 16689
58383 15900
39352 50225
30613 3152
64512 25673
16992 11117
31355 60126
28225 59071
36022 26370
12289 6262
8286 51554
72954 7676
66488 4899
80259 37791
60044 31682
33032 69766
11690 36148
31374 51895
5078 20751
21367 10814
90607 58641
2082 640
31421 6866
44078 44645
85662 2467
86516 61897
60534 35050
63170 35112
33005 70952
34852 7512
38478 56248
85490 11930
12669 10818
57139 4798
45005 14537
76791 49374
28128 6776
73607 17989
44435 31124
76990 22644
84080 65666
74383 57056
87458 45131
27206 65763
20834 42205
31178 20303
43545 23863
41200 9721
32169 13538
6529 4885
33564 22139
71898 9578
75592 32848
53491 59457
1767 52562
44685 71434
91013 56551
17704 71449
34849 73777
19027 23019
82702 54736
90800 50027
90933 4476
79358 22086
83869 69781
34473 67491
68702 24882
68678 47156
37609 59437
66723 14540
61396 47994
30214 27564
71498 55377
55913 10719
29380 17044
30867 30603
33680 61789
81237 37273
6204 35178
54206 43321
41089 57235
75073 58926
56979 30785
9991 13121
88374 61573
4674 8861
69033 22780
50638 60470
37328 65587
70353 1113
52192 7479
91671 43035
55270 3685
45968 15081
418 73608
88724 53176
16929 26860
61749 54955
86375 58311
9577 42649
24783 8922
5576 46468
24651 13169
78509 35420
69450 53633
48410 37090
75705 38699
70259 72232
64800 50856
1995 28858
88670 32766
30603 24211
77411 58718
27430 28182
29691 72855
53935 66
66073 39236
7733 46064
39679 28165
92652 70210
67010 66880
57962 1790
3844 51521
44057 47903
68531 30974
25121 27589
27654 20585
4696 31321
92716 68101
49893 22139
58126 47389
24294 57352
54992 17545
1996 21862
38223 15016
69102 48883
32736 41836
86716 17246
40770 6567
67370 57895
39778 21768
1304 50766
10163 9753
74967 40301
12132 67150
52143 58207
55927 43315
8342 73367
17849 50591
58382 54525
49478 7910
4223 42899
44685 37541
3577 31124
47863 64947
53972 39342
42148 35014
3577 72185
90737 49784
884 73346
17680 34395
77104 67568
64785 13983
16572 29005
4148 62094
16112 35436
23786 54047
71180 28076
47424 70848
84213 31726
27571 40511
56839 18978
87200 46998
24303 5520
66535 12316
36159 66403
20881 43624
63995 5842
87840 2
82975 56670
29451 58616
81806 64856
5451 70180
70711 15560
87455 60177
82578 68755
52409 54646
38526 53071
8633 41075
5387 12259
52390 32675
18407 63151
13089 10896
88102 50202
84070 71933
3890 66484
5344 21314
71224 73249
12123 30149
9083 65497
83492 34665
14645 64340
20747 37793
80316 57549
9798 19133
27747 52777
81810 52048
73250 9636
62739 55978
57684 720
78485 53198
56006 44455
32646 14537
20095 65049
79605 17685
70507 1756
59772 6511
80193 21090
46312 65577
50667 53655
70258 64744
35816 42469
51271 53769
48294 59601
40510 56320
51756 4765
34849 54731
17041 54274
57494 43498
24332 73901
60388 69388
18757 64687
71468 69808
16398 47937
68300 23576
40412 39920
21033 34312
38539 42769
56006 41435
15565 17576
91405 25318
81108 10785
25277 7512
85335 14893
13670 65440
48056 39784
21441 69196
88187 73805
45805 1922
90393 10941
46869 4007
3493 52931
85335 57122
92359 38498
15285 49319
7868 9847
84383 62044
79123 16705
38655 63373
74722 42511
91903 38339
66727 8687
66741 56328
14795 44365
34263 932
74474 53147
29653 14321
58597 42383
27861 66851
29653 49784
56809 1771
76445 56202
34479 34707
19985 27057
66748 32545
57548 64863
44661 59052
34705 34232
62667 51122
67185 16038
56789 31748
62423 32682
44669 216
59905 27953
87068 56467
1514 60628
27467 22200
77168 64238
49784 68707
44365 4127
72255 13493
71248 73914
32789 803
57685 48077
11941 25784
28167 24395
51128 4013
64504 69587
33700 74215
2892 15116
50622 9776
46120 66267
40849 38260
34365 11034
21271 58372
91491 57201
27843 69452
32154 827
79299 43321
58122 9282
31984 42231
29549 2037
43552 56698
2573 39320
39349 16666
65606 56486
77539 31710
49578 24090
33032 48923
82576 10023
65099 67006
45700 56087
10837 45574
88286 32415
214 3995
16973 20102
48627 22969
67205 32729
44665 4085
53653 2850
27206 29860
46987 34953
6419 27763
9445 39085
12626 34709
33383 69165
14018 10767
22532 71722
46312 25860
38259 45574
32169 58589
91289 36411
29794 3399
42443 63046
51213 55990
71498 25648
60568 8499
54067 4947
35114 69205
62832 69685
10948 62801
61526 73850
71413 55230
74383 12535
49524 39156
69168 71305
32459 4283
52817 68498
66042 47243
67451 68022
7879 69165
90908 45858
43741 64372
11417 71250
12811 13197
65011 19792
2530 55275
69829 40583
72327 43384
39946 35462
3307 24873
36890 36800
43308 44784
55502 64372
554 57245
73678 57577
85352 52283
73237 62035
44216 5911
83753 1515
63002 56230
61378 34974
39257 57238
63986 24586
13221 48356
19099 41837
55996 49015
43750 65666
75969 28449
44592 23581
32883 25353
57141 2686
61796 4760
60600 54197
29458 54336
8912 30717
33138 20102
29926 1716
66170 65440
32534 70848
52337 44438
5625 45368
52648 52473
5471 61934
6096 42509
57398 49940
75441 15703
43585 42917
12019 7100
6249 17087
44076 3261
21805 16132
18640 73177
4381 41487
75826 44039
13407 65353
5625 23797
19932 48065
46005 64413
67473 6572
47873 29369
39522 49655
30886 52510
87458 13121
17246 20303
32490 51836
11915 73559
66298 65867
43959 19722
4612 27396
74016 10592
12640 47289
23901 10564
44008 68781
88365 29380
16972 14415
65997 68211
9433 30149
29719 14473
91289 61070
39642 29024
50790 13821
59358 45477
62667 42104
5449 43411
66656 31
66895 29589
78155 6262
65128 46191
84492 31748
14570 16812
72117 25065
89140 32651
756 60828
27038 947
63587 49257
58243 20728
73715 63688
79877 51744
38366 19044
39149 45319
48110 64626
40566 42604
91671 28287
19689 23544
32404 65758
34066 28165
91607 15699
4879 71271
65099 55302
43585 49951
3729 46902
42051 56467
31361 5530
79378 32906
78744 46095
62271 55191
88963 33610
87560 6166
82267 13146
20064 68050
31529 71250
58442 36082
4322 10384
67749 56780
83529 72078
65712 11034
87068 35919
1037 15834
21597 32972
59833 28699
15040 16013
73522 22366
73405 15365
65155 25611
41638 34434
6353 20808
25543 6478
74373 38158
54684 46654
35609 50354
14196 62347
79726 15953
68573 947
75310 10374
45005 52098
41404 1140
2218 24489
36422 38749
53840 55953
40822 22103
72356 31092
45641 55133
86766 44198
50795 21199
33996 37221
82218 61848
74526 45324
9626 43361
35298 57379
91738 57764
28681 33007
60211 55315
4174 38647
961 46683
27331 73346
43337 42641
10354 63661
29041 65972
21271 52763
37886 52381
66600 56569
29953 64024
67370 18543
35489 29862
78132 9168
77392 56670
33428 39342
37926 33656
70026 10037
1514 57718
35048 12369
76151 3624
76893 54219
73928 57890
47024 5427
90202 32369
84204 33373
68888 14540
26157 32906
5078 66622
50548 47470
29297 42004
82874 26860
86266 68976
9561 69114
21274 40363
27324 26229
8666 16705
72941 64925
87054 31270
83808 16003
48141 24943
37734 5849
40618 33266
81394 68257
67934 22920
52568 62064
65883 33347
14257 67146
6723 38901
86393 47631
50322 67556
6566 65749
50182 18500
81083 20635
28852 73279
39137 72196
91873 53467
6044 55437
89261 45131
72551 31397
16572 31895
75446 1848
12232 27129
77860 63796
35762 56411
55919 34434
10038 62353
54867 68051
59319 9753
92360 8794
40770 12745
64356 32803
82954 29178
19027 42768
79541 3568
17181 1922
2672 55734
91875 20012
28762 24959
37194 64153
16725 40229
83278 8980
80446 5596
82151 19792
38056 20734
39552 7015
22328 62000
3213 5992
58419 6032
21444 32906
20174 60177
25485 60421
2250 68176
65655 64340
47107 61104
81723 23896
73831 11219
21867 29481
31629 70502
87542 72353
5956 59191
28755 71736
26416 9144
39536 31112
33890 45107
47000 61809
35934 26275
6387 46703
72146 30411
75162 7245
65718 29589
6082 47006
85506 62914
70670 5054
29664 60943
38539 12061
62136 64065
20754 35451
43741 40951
92603 5141
55502 69288
53281 52243
54108 24402
14690 31378
14132 73195
38705 61412
68887 69081
47 22881
61114 57752
68764 6571
24293 28167
89933 14893
88336 17943
20653 66903
46608 15753
83807 13204
92560 33794
52784 63279
88670 18462
87428 46734
86774 6317
88844 17716
26640 13843
55266 13717
51923 49256
68226 66315
5985 10818
90143 11683
56839 26232
64164 48890
15751 2037
42852 65136
34653 22474
53374 25830
88990 23031
83360 18540
7335 8049
83696 32984
19794 29369
38862 16096
13166 66423
13868 23833
14790 18924
6140 57536
21471 2112
71696 5718
45331 10661
88746 7479
22201 2860
79199 22986
29135 32574
40462 50591
18201 49655
28879 23199
22571 26229
67048 56843
32436 69849
50673 11571
25744 31303
10586 46533
56907 12012
46953 46342
62322 18500
80019 74029
73642 8019
11699 19234
45096 1466
44517 66269
27890 14360
41354 35953
18157 71290
17517 70435
36839 64626
91946 11208
75205 46419
62462 18924
18136 4398
59813 13187
33145 70817
91674 64642
38078 49975
81565 54812
7306 61725
27038 36078
76651 24110
88838 24814
39150 41075
50113 38924
66727 30504
23886 23829
59432 42663
7897 49519
81317 52845
36469 34073
67156 21232
77221 20146
33463 44573
68522 52931
91945 73520
22599 60437
10047 59571
41436 4369
70748 20520
52201 64498
83806 71933
84856 9381
40391 11544
14018 11442
39047 56616
36156 21841
3239 32598
39487 58874
68323 32692
45392 73103
43807 34577
22278 48839
14645 48171
16456 27145
13539 68720
80672 33845
70340 24724
43434 710
25561 57464
9527 56808
77808 7245
61749 32425
15925 29845
77110 33281
63776 11209
39712 49664
16939 36539
73609 4138
54930 52686
12556 41754
51405 55909
53053 56325
20190 13196
37105 17536
90879 57092
80318 21841
89779 67327
50120 19826
21955 3085
4662 65073
63866 37116
36631 38298
19113 7092
8259 55953
15067 11138
9313 19709
28296 64944
42419 71604
41200 38090
87942 57748
59231 49630
14071 6154
36658 61934
56556 32415
14663 43478
61764 24610
54165 48924
59608 57201
50168 32675
70159 34609
55137 17943
83371 18754
2174 9834
26430 24799
88432 66364
7017 51623
47448 62228
63120 35619
85721 3900
86441 58900
58646 64818
4745 30331
84492 52342
11878 17292
75153 72487
5218 31948
68064 20012
16206 48055
60792 63151
60517 43210
22236 65433
80153 30623
86313 60943
9965 255
34914 40976
72327 55160
32133 4346
20674 42776
78402 55571
35589 41559
27425 70302
24573 14544
68888 5240
22725 3194
71599 58807
45235 73249
75079 59948
41393 29355
41753 56722
80936 34802
2218 23257
32725 62436
79275 66877
12842 59052
36978 7870
63730 37604
39992 62000
84721 36498
57559 11821
45930 1050
46685 48689
53935 71698
25225 31974
80212 43230
54325 14469
62520 54016
88374 59151
28699 30331
40476 32369
50920 65345
24489 52470
47337 20628
57593 40721
56363 34668
69483 15346
43760 21742
89596 52669
48410 54963
36576 5099
7197 46803
27430 54915
85829 30237
31768 3685
62470 73914
76323 3667
44260 45598
28126 70870
35248 24259
89077 28547
61406 65497
3782 33871
78132 14473
22020 32155
31481 66795
13784 46729
81891 49509
77855 34086
69505 68072
16713 13307
87143 61372
68376 65942
24631 4658
4148 26879
10948 7544
50807 3428
79773 51665
79447 74126
58019 27902
52601 56808
82070 28812
22891 25042
31075 34858
27861 70548
49931 56869
84922 58677
9323 71743
79541 32067
19548 65691
68628 10886
36889 61508
41162 38671
41089 54142
49992 72313
75826 33439
23143 73908
82592 35919
88897 22563
24594 64913
36065 4320
80936 70065
20090 19328
17608 12270
80596 20160
85905 29440
8666 49084
37734 55719
36475 48699
48683 62035
47741 37201
86993 55496
47424 42183
7850 15435
71409 61758
84127 26901
20915 52514
79917 58839
46189 12522
28879 32758
87154 27198
60508 57260
29235 39452
78191 66353
15687 45451
42625 61052
32393 47143
68599 9851
83448 36159
39046 46484
43105 6456
10188 21414
53608 56749
25433 16396
16713 5523
34520 32136
62763 24395
56122 4096
20574 60986
47753 33373
78823 27144
79015 4225
10479 51512
72720 71253
47646 22364
91755 40016
12276 57420
74195 28061
9153 48151
58126 31356
32832 23111
48311 43170
55137 29220
53014 53394
17736 32574
25121 62416
65946 39434
26093 64269
49545 28670
84129 60413
26599 20986
8737 34293
90519 26870
51791 52080
59948 24115
35849 25874
84507 47160
75296 62121
73740 29480
70934 16700
92340 11672
68323 13204
20401 68066
9980 49599
66572 57629
88946 44627
67608 68283
18921 62023
43639 52890
38526 38072
26750 67935
26774 63862
87200 50442
87906 30188
69119 34843
28043 46165
15688 11124
53547 57374
1835 53980
68575 67146
62001 16312
32366 53135
74276 50377
68577 9835
14775 35451
92603 889
69854 20366
8897 55475
75917 5676
63087 72574
68812 39624
6588 69579
60349 72235
34379 47677
18640 48632
17181 46920
68364 5647
6895 31765
43652 59379
15033 64096
53972 5592
33816 61685
83877 39519
28426 6962
6957 56442
32293 1113
21798 21799
3180 13660
64504 18157
50638 39123
25543 31007
56905 32534
43979 64998
83835 6166
63939 27955
83136 45829
66600 63473
5424 70888
13841 12231
26082 31931
65885 72243
83492 22954
71 17629
3773 66094
34657 56248
29458 6489
10158 46022
5074 69849
88785 35757
61030 5116
39663 66015
50214 3759
56799 20982
75863 23014
26438 52746
13249 29860
54144 62062
27343 26959
72320 49790
32154 54392
89933 37139
9982 21485
43183 33347
77280 13775
7729 16273
92360 28167
36460 27009
4792 44098
2473 35112
90744 52815
41863 44289
14044 49325
67232 60521
50353 53394
11035 35462
55470 4346
37143 73725
23509 24825
67448 8323
91282 42483
87916 48503
23751 4881
37926 13983
91229 21194
6723 56772
82874 49403
92399 54294
42979 34348
39482 52451
32311 6582
83911 35584
57704 54699
10658 54026
28296 37793
53270 65281
13872 23971
92087 73805
17246 33007
9012 51599
28440 25275
46212 18427
79832 8019
71693 68606
45250 23119
90827 3376
57012 38620
24437 25234
53258 65957
20577 69114
27272 55913
39626 24980
46904 12359
72355 12445
39047 29733
61322 14537
22922 54596
41853 63158
27721 33266
51163 72298
65298 16030
75474 65965
14107 53958
65600 58476
37079 44517
53905 13322
50847 57890
43095 53100
79824 3310
34236 3481
91840 28490
87143 34555
68029 30679
58984 30626
1230 70045
69883 15887
88824 25699
7796 6449
88957 28443
92663 66585
76744 28992
27135 58149
8306 21948
25744 21145
18779 36148
73538 36169
3477 9814
37672 69072
81742 45442
27167 51392
85064 6316
22687 23426
43979 30650
39872 32996
91134 39079
92604 17989
52024 64187
66069 57718
73198 38622
7585 53719
91710 56393
22919 33467
52608 40974
21840 48228
46872 16351
56221 57691
67299 34616
5126 32308
50186 70184
1366 68993
68376 52212
11985 62077
13928 53019
33971 3667
44839 25105
39349 33197
74293 54666
65446 43752
87085 46819
33005 65580
40750 32689
33007 38794
10884 33133
87039 11425
7258 32140
92652 30730
4486 35186
4655 21409
79434 39866
43791 20870
84652 28319
59665 10691
43431 45181
91598 44272
2885 46115
39685 24084
25423 11078
86248 62466
43750 61526
26082 48577
40412 2613
29794 55622
69622 5884
8527 25073
91710 890
13407 33910
45692 66216
43336 66733
25844 46022
30044 50027
7548 33504
91156 64962
42625 28182
26631 4001
3493 38484
85720 12981
32293 43907
57034 66986
7258 41026
57457 8702
41623 9834
10861 48424
19557 42587
77459 12636
81908 19826
29418 13132
57012 22473
77377 43536
71366 10306
57041 57819
54621 68672
45197 65819
7308 19397
71227 24413
53363 7580
41167 18427
54576 70592
31395 20489
62847 24484
28686 64716
86219 50477
17414 29868
46949 2226
72036 48839
62186 17770
67960 54699
14775 51681
79761 37846
59665 67646
28245 56729
4180 74351
63546 8778
67077 37763
58984 37339
62097 62401
52501 28768
28959 48380
67853 66479
42782 3366
47152 7523
27069 52080
12057 54330
52601 41952
74276 23802
56645 30626
79605 38393
39393 5992
89917 60633
51086 5407
43936 31274
54684 71306
67649 57294
46293 12636
27944 29568
64433 7904
80596 6230
31145 70433
46005 8971
42764 29511
37265 17367
6798 69875
43111 63032
68948 29862
92604 64245
11652 41570
41588 44568
75439 67866
38811 64983
43801 47156
18350 49056
68606 44098
49864 31234
63605 6567
20191 65587
73405 18567
65961 31421
88824 34411
32620 61098
5009 71792
24043 2009
84923 20610
70163 72359
66664 21220
65562 25673
2054 49275
88268 57992
65404 66148
42809 28449
21825 8539
12132 6730
13728 31270
13452 50354
74428 33725
26337 36844
89785 63149
48061 15358
7868 20877
67077 73013
14790 33467
50186 63139
52742 31421
47337 64955
3343 74351
69942 10495
49903 31710
91002 42737
24398 45876
91998 72503
35305 31321
84188 23678
68947 21463
41222 5223
62625 23538
80468 2112
28602 19943
9963 58468
82576 73402
18541 28547
36052 49951
8149 58514
72763 45598
74293 72588
86407 35587
85904 50013
12797 40694
79855 69216
16597 52871
53840 9947
56688 57894
742 43034
12232 71137
3390 27349
36159 3071
272 25594
75628 39602
45293 20845
81565 29691
48368 2258
7471 49015
46722 10785
92296 25985
85878 70497
42275 4947
68599 3881
68915 70317
85481 17089
47107 14238
57100 19234
71626 19225
70716 3957
50863 44775
68328 54692
23696 44812
84568 38154
63546 57357
34759 22368
83093 49680
84230 53327
73566 58514
17414 66675
89559 70658
5803 73974
92555 12114
28590 73936
57115 37541
73771 16286
27944 30670
16739 42858
25791 27086
75296 53226
32896 45799
40219 37122
44206 42709
26498 72698
53873 52608
23793 32155
92475 22563
68038 7065
11740 59525
59368 51397
22020 38133
89076 823
14329 31596
24043 7312
33985 34974
68266 63976
26417 55898
73991 33012
27467 27311
52201 38114
46913 54786
44460 69892
49963 57834
22469 72789
91156 67742
2798 10938
2186 1514
7205 35127
75188 19118
68427 66903
38586 8825
59316 66267
29467 35389
13105 66661
58383 2262
17085 50395
10720 6582
35555 32743
58048 34702
78451 18645
34714 14865
22997 4476
24079 46094
30380 69479
4933 36523
5601 70459
47068 31409
68575 6478
25484 23747
43030 71267
56941 24905
44414 12984
2798 7100
27024 68165
33367 74255
22469 23810
71747 7422
31853 54591
29041 64920
31982 20706
82893 34668
21105 51944
35880 67915
84364 66713
62392 67866
60388 15881
45825 63714
74271 20610
4107 39877
3344 2442
70711 29733
72145 12958
78848 60415
72782 44511
75439 62352
7668 45477
43141 36937
38811 19118
11456 46734
90807 34285
32561 54812
89863 52681
1152 33925
32401 40301
22702 68505
34310 38277
71800 66937
25520 5202
56289 30078
84437 49124
12694 68755
167 54885
15688 28632
26980 21287
91602 36074
60868 67327
30751 20160
15099 49407
91795 56804
34425 72764
5902 6559
12081 28756
34759 68853
7210 11256
43264 16991
325 44453
15051 45552
40493 41092
72977 39084
39137 48405
37328 11117
51691 9424
40262 33467
10542 71909
50168 41433
40510 36198
7103 70742
49633 54106
39712 53187
58123 26287
22454 16199
27548 72617
31768 2376
32490 29644
79859 67416
23481 21371
50097 11580
33661 30623
86013 19596
30186 7131
33654 50097
11360 21923
52826 36127
57988 26220
24675 827
88532 35931
77392 68250
91673 50209
28172 48924
65606 13933
59780 16212
60855 23145
49783 62775
88837 14875
47026 18100
27778 57106
53878 54309
33400 52553
5313 20419
35324 30650
14790 30194
57319 52260
71162 68022
809 38341
33653 44516
37284 65488
89388 65959
73389 558
32865 56945
39033 22121
48537 68014
22823 21239
40307 65895
21711 12438
10088 53914
59926 33662
29350 64269
38223 58654
27331 67101
41940 16351
87752 50856
20345 45077
84465 47343
52390 12137
1189 49606
45741 52515
59708 19331
72011 73615
21389 36078
47256 38065
68266 66743
81508 42917
86426 69308
59772 27839
68628 64880
13924 70945
88897 46342
58122 43040
13486 49256
12193 23670
42509 31302
5408 64453
39032 11413
37143 54736
23571 48822
69728 65612
73533 1050
51163 12222
2754 27369
39257 36377
65521 10185
45482 29902
18891 38474
51361 11456
86248 67558
12537 25587
7506 28329
37223 46744
91873 70658
5956 21776
89689 18971
676 62401
47890 16083
37985 48649
77050 62688
56209 45308
69846 5042
61396 5135
84190 32575
70441 12018
10354 71792
11061 32286
5558 775
57169 65887
4381 4182
72117 58660
32646 45919
25641 5681
70905 1922
10018 14166
60383 43379
70259 5682
57276 24255
83174 60759
68328 42104
46949 63773
89655 9887
70183 9521
54888 25234
89173 3202
72201 44142
5210 48858
53572 6080
83276 2339
34425 50322
87732 20499
53982 26071
91334 28756
2878 8267
62610 60252
44661 9117
9384 34013
79877 46964
15212 19500
48505 59244
77591 18944
90607 56885
56809 710
76744 20728
43431 31
25221 55177
29536 28
79167 12280
89137 29801
39648 30730
84035 38298
32950 71246
70862 46682
86472 53655
47260 57124
83858 67123
51086 55640
25904 45650
29041 1109
86520 16812
62146 64187
7205 51586
41031 47470
22823 26663
53236 48494
34447 53305
84721 71554
79144 48267
71887 34115
44571 73279
60334 47017
23269 41918
32014 46819
77856 20894
16602 16641
48648 50880
46581 49056
20095 15277
20867 70733
22822 48409
63605 73725
24151 16793
57931 39622
24182 30372
90607 48630
1484 23019
83984 49582
22454 54550
76275 10719
22976 57106
50622 13158
24151 1867
15106 16043
45641 56553
970 5132
36483 35389
73996 52958
54491 4874
88958 66577
81859 7227
76308 51324
70110 19251
79037 2050
12625 74134
78708 40721
89382 41914
20018 20146
31095 8187
82285 65429
48252 18476
59893 42318
43723 38620
84574 43358
88182 39123
71446 53178
56688 63912
21368 14573
29494 20018
56926 36679
28128 6456
73715 23618
13049 21979
36973 63495
71126 33467
33036 71271
65883 58432
36948 16900
8050 57894
23223 61897
71 58804
35969 23638
49306 70302
45036 8174
5364 8440
92663 20577
76552 35953
51799 48034
75474 1890
74167 71727
50667 29455
65961 25117
88336 45551
78762 71306
8255 15558
29345 70125
57443 2852
15565 29536
69325 46297
56753 60240
40174 66173
43096 46819
82975 14537
23838 70548
5998 56324
424 34732
36340 57566
56806 3850
34498 22087
22502 29050
16597 32204
69136 73728
77991 33764
28758 8046
34066 3855
9445 17058
43631 55622
50865 36771
2309 67935
50652 18233
45517 66675
54206 67618
18779 18153
58873 20734
19829 45967
44158 70536
15240 40460
83040 17685
61609 41379
91601 63180
21795 2635
16760 56411
14156 25830
36978 49168
43086 51742
33653 68317
44221 19062
18468 32934
56276 61203
65371 65049
36340 10452
72310 46317
57319 70584
40445 26877
1885 66681
53653 32743
89785 74120
43776 10431
13166 22768
36991 16047
36671 43884
27747 68738
78915 60405
24489 43029
47295 1391
83696 68068
60722 37920
39105 20319
12427 20335
38078 39434
28225 17745
62715 69781
44839 15970
43552 42860
79565 17066
65548 18120
87463 2847
79317 18132
418 20576
42306 36947
26435 39998
64454 34707
66851 32272
16108 64432
58560 52838
50321 55100
86078 40869
83944 35312
88203 52958
63750 50991
80078 38538
65291 2262
28127 30661
22702 67744
55762 1867
13105 28490
4494 58005
26919 61227
81301 66216
91483 27054
31997 36868
39452 32016
67192 74134
9959 23145
516 4966
58796 29120
63056 24249
16602 69797
62097 34231
57737 28547
35995 43223
80991 18590
60903 14020
84204 23063
77539 52422
54863 2949
91268 21746
12669 9856
71033 36633
8462 38416
33816 73773
9527 64818
9384 65035
7976 21675
85445 53720
24314 49537
10312 29288
26620 46920
45193 18658
86847 67585
77211 46419
23037 46297
50278 22531
66298 24484
11489 66713
9577 28021
78823 67032
74677 40891
78219 44142
36469 44445
91483 70585
65446 53665
39686 6774
90273 26274
76628 44462
9965 68669
67649 31931
10979 36904
84182 61237
28574 70279
45255 19778
65651 48822
64180 45824
64862 65106
1174 54132
14770 47800
14196 38897
9935 8346
30869 55230
71228 46970
56517 42769
81806 37838
17100 72601
51299 46890
71599 31112
70816 20086
74373 46091
2897 43206
12193 49257
74586 42183
65521 8940
16125 10814
8293 73773
23110 36787
70522 72714
32941 33090
85365 31765
68850 73375
9433 5223
62990 72394
21599 69072
2439 72435
54789 66960
4182 56607
48838 40951
72211 13653
5666 52899
21393 71074
8504 30693
17646 47123
48641 61725
74074 31175
70441 50437
35488 73996
41533 57266
37974 66614
3426 72435
10354 11995
65371 728
79426 45191
30300 29435
86407 67258
9646 5465
19952 44627
36197 19637
72201 73809
83276 32464
88268 17716
72763 33656
75310 8992
40822 32156
69187 59279
38798 62688
59926 72699
66860 70360
50672 41210
77688 3245
35880 37838
21897 72246
39482 49734
16649 74273
49524 34472
70110 38501
72051 68738
85045 47291
73036 59684
73504 9279
30214 52534
74526 39512
61711 8465
77050 12006
77578 39452
52621 42641
68678 58476
72280 8144
80720 51134
57136 66585
80101 4295
41173 36762
4441 44146
9902 1324
54499 49790
176 22521
42495 22900
45749 4285
20747 43689
53374 46419
26438 15881
6895 64324
72869 17412
32436 39457
21482 45077
74456 17552
13822 38119
19113 19237
68252 65965
55913 39085
39152 15698
69175 5523
81595 56945
36084 52381
50320 8997
10617 26192
4689 65135
75183 11771
32052 3600
18355 39156
26128 72298
45597 8859
21008 15184
84443 65642
28819 17356
11931 59916
79852 22118
13784 20349
23660 9188
3837 55133
5364 34348
88053 21671
19689 21746
50182 22366
57515 13882
63333 60946
1121 73922
15748 16396
59126 7734
7793 30495
74602 892
56487 55898
70421 62659
81360 29855
68677 47259
71338 13312
39349 23701
756 19500
40219 65665
7568 16003
21251 58874
24211 4874
22758 12776
22855 66831
74963 13824
19249 55193
87602 8687
87428 40291
50137 21145
62423 25275
12625 45828
4769 57691
77855 22298
58699 35495
26128 40473
71222 47903
54337 62424
46869 41178
80991 9814
85905 43182
6887 24249
35193 62348
63333 24799
32624 28755
47751 66119
43111 58166
21166 52777
89388 49882
659 21916
92491 56698
8749 7224
79749 73936
74554 33910
85267 10185
68029 40352
55708 72896
59471 67744
38400 7528
2878 15358
17385 57215
44905 63372
63260 73346
47046 37791
34630 6261
40512 6772
62220 42167
44754 44894
87155 66280
92562 66269
76134 8046
61711 828
32053 46564
5451 51069
21711 50496
16111 71777
24807 67475
12409 4966
74514 69169
17646 14895
90008 9242
46646 58515
22854 8487
17527 43927
87154 64873
36052 3085
83206 28100
13988 55913
42920 67871
17733 46920
79816 12596
24210 51512
54660 22486
52808 34843
73012 42483
40910 69439
54559 62741
60512 21805
21561 63976
6429 13436
35017 38187
33284 38158
39060 33318
62960 7523
88277 29981
92297 48577
57494 11771
90967 26078
6044 39639
16125 65622
77705 3091
74677 35524
176 29355
76488 43057
14657 53281
85001 28956
50636 32040
26727 16173
56091 30757
66656 50437
24626 28176
70809 38273
33227 24805
80265 36877
31529 51895
88643 58344
56799 40535
9010 42033
23411 30244
34097 27290
36111 54393
47088 14728
50120 31234
31997 28965
5072 61598
60049 30516
11084 9982
35114 62282
27170 20102
24094 49606
36258 16590
27069 14839
5803 4369
46646 27979
26467 65887
32000 30552
50355 32161
61978 57373
83448 6317
66315 8170
29018 43624
6419 15834
84574 21294
79686 53923
71835 7770
37355 68702
84780 46245
90438 24905
55683 73820
82384 47629
62824 13902
13023 60050
18585 70493
21392 6866
33145 48440
43502 21862
83836 57932
28454 20254
35301 7181
5344 42004
56571 26401
15751 8144
51362 65768
75508 30580
12951 67236
7199 54683
73089 37090
46120 47251
80819 15410
46738 16038
4174 59885
53572 7870
69023 35495
68796 15073
70343 6015
71543 52055
84364 59727
67887 44272
75592 24814
42764 32647
92616 21190
84481 50634
77613 39475
46648 71290
58233 11802
60727 27959
3371 28541
83278 54217
68300 64453
58243 57752
18407 48525
57398 28909
28043 66015
24215 22285
51128 26192
48333 63263
60559 20804
87377 36074
5666 73922
36156 33183
62476 63223
92244 42205
83711 20635
62350 47017
73162 48669
83040 26065
29784 35639
48596 53177
62795 30142
22116 57379
3579 45967
58070 69851
27678 25485
24437 39084
5178 29902
71986 66880
83050 52272
69858 10133
54782 47390
7668 6195
46989 51688
7548 9742
85045 72394
74026 46091
80251 1221
15694 25490
81949 963
42065 55761
10372 28699
42213 57056
10410 7528
87031 33814
54833 54646
23714 66581
57147 14993
73243 42834
12893 71296
9051 54692
46449 11413
49963 23721
60723 22214
70275 57238
9876 14360
85839 58682
56907 29691
78377 56169
2309 43093
58597 56670
73504 23778
8960 18939
83927 6599
26250 40869
16784 46650
77422 58807
52808 70966
36880 8478
75362 73615
66548 55230
52754 18944
84188 34411
74451 73206
77504 19626
51877 1409
12924 15655
24063 46453
50278 1380
46189 53314
1790 50354
48838 28176
35641 23371
24668 1422
1311 34784
9808 56202
91602 57235
92616 34882
59781 67400
60596 33318
14065 71449
24081 19237
84405 68882
44039 16793
73669 44365
42495 13024
91013 14853
58269 42534
21407 4812
42979 16520
39217 31696
39778 11761
32552 33176
44970 11596
70353 2099
272 4368
39536 29611
4716 46115
69323 39639
3456 70398
44761 12361
60976 48784
84437 13722
38348 34293
7867 14728
29052 15410
90357 64217
36576 7918
20653 66207
25277 39692
25955 67863
61666 14414
49784 34954
17736 40010
41863 2099
624 56703
82663 12012
39872 52470
86078 46484
79087 10345
91095 47715
89779 43019
49330 3764
83529 18175
214 47800
1659 55764
67497 36813
85352 12206
42222 55413
20018 47629
68054 23111
9291 30516
84171 53226
75578 54731
21903 11956
66487 33099
47475 66683
17069 40583
2892 14853
45679 58677
58857 52623
8633 60236
70110 72640
5881 37139
80046 1517
24158 1645
24594 23638
2377 73484
26919 9700
13146 66320
45331 55348
22328 55990
27843 38277
26620 28965
1997 66968
77104 58166
39282 65691
57564 34705
51215 70686
60534 10440
70044 33224
28602 58718
66805 38790
57762 14166
7308 70817
52568 54336
46685 56569
25791 30961
52698 44997
45832 28286
40849 48977
40638 55358
15385 56307
45910 38678
48596 25729
56519 67032
6798 23066
72170 4379
53982 41379
32133 23206
31527 25611
12448 43192
42782 35417
36197 41091
41354 70733
62774 46621
50321 60744
13676 19492
73533 51729
57688 70459
43585 51848
39352 60986
72971 30499
82939 37128
90420 38193
86847 59684
26743 34925
79513 1514
82702 45294
40571 65345
6836 9721
34097 41547
44260 51384
36483 45073
18757 59244
32789 42219
3837 8560
65290 32944
58382 22881
74945 37127
88421 61992
40902 25444
19548 17342
88295 64805
37138 35592
47397 47123
13089 2446
35510 73735
55461 6364
6823 32534
81301 41429
22822 33610
44653 62282
92359 32934
8941 7464
16972 21239
48697 66683
80246 53578
46531 64880
52734 707
40618 960
78273 21322
44400 50209
76577 38622
81295 64925
88218 16384
54238 63373
46293 55788
77133 44209
80117 51599
46857 2647
20590 16527
72255 63903
34001 12401
31941 66688
62990 71956
26412 37174
92399 34790
22750 65763
25121 22214
3180 21485
84948 26959
75592 56320
49893 23180
38979 17087
43853 54483
90180 263
41184 53786
83025 10739
80193 45299
30312 36807
26822 51688
8640 46331
14802 25985
11801 20843
12928 17615
1401 38154
3364 68904
78516 52934
86578 26166
84902 63824
14879 46621
57147 39599
51946 9887
54833 17896
57086 55575
72582 68862
52779 37888
6968 8940
80720 52669
63646 23426
26337 68211
79859 48405
21320 10993
67345 51241
44611 15184
81999 48034
17918 54970
27937 17093
87906 46094
34310 46703
29399 22486
18965 21948
36548 3793
5473 30552
25798 23206
12057 28100
43988 7449
45866 32944
91959 54371
55024 28858
87863 51887
89655 64096
84780 71027
84878 72353
24674 56021
89917 71155
21882 59391
63466 65737
71484 23061
62824 29006
25017 46682
80871 53322
21328 73182
3334 37846
52240 63169
80672 72855
73566 35746
70340 8794
83944 56768
34226 62829
86256 61136
27082 54970
25576 32272
92560 60616
31028 14247
83715 21189
63395 20019
3703 60236
66651 39909
43684 9279
35193 71333
64454 53022
79317 24554
28206 10238
25955 60039
47397 47057
1152 25236
54175 52809
57615 68844
25255 14258
73213 932
66664 42709
26764 38193
59948 7512
55211 6308
40573 13660
92496 61331
30493 55270
20644 59852
92046 19697
88203 239
69033 53394
27167 39485
84855 15698
11295 66743
32883 15346
57962 55719
57688 50232
85117 25268
28060 3781
73607 37086
48641 16777
65913 4358
76476 67534
16105 7227
41082 9349
58185 52098
13372 25699
73522 4036
44597 51572
71227 29150
21737 20543
34058 8681
80560 36251
1327 43508
54992 63903
34737 45829
67395 36767
50191 37279
78003 59823
53437 39485
32351 9994
35816 3162
61978 58169
76929 72447
7197 45328
41592 14537
3008 58185
40094 3071
91598 57440
72550 9595
19548 70498
60845 73404
15780 40782
34502 3423
12818 28657
44105 17767
30380 57691
87670 54274
58419 64413
14770 54330
90023 734
76990 65795
74668 42511
47026 58056
34342 54065
50114 56670
24398 24115
45598 29801
39019 14544
18500 1645
48039 70941
1790 27538
20447 48171
7793 57386
50055 29150
25484 64805
27936 27368
51078 12215
5679 55450
11274 52484
66535 9332
29389 22095
38655 29435
29418 68287
90731 14797
21320 40229
19280 22293
41887 46460
42065 8825
57988 64324
82416 37894
74074 40967
25314 57577
13931 46310
24556 1790
83832 42353
909 2367
84971 31780
29866 26167
7428 53450
19181 46729
89863 28879
59275 54036
11360 19437
3371 57566
26157 46309
87157 9806
7773 5045
80750 27086
33855 39909
31585 49538
42769 8136
7733 42772
4769 43884
90069 25025
23862 11127
44211 57092
68947 60616
4432 26936
44623 59022
21011 60374
90519 41476
27987 63896
5076 55496
79445 71611
80871 1725
15033 18138
50356 33022
32622 66028
88102 51782
65178 71736
46797 27589
33767 66052
21389 71967
385 60036
50865 27880
50418 16840
72641 14020
80937 56322
44000 1716
56519 65424
33504 73182
30127 65568
62814 30146
1767 44882
13073 7176
38128 38753
12180 71109
88394 31780
79933 16731
11128 24940
31697 61045
14159 48620
57704 28552
53998 56869
19339 38767
41567 3568
21799 43033
2371 55734
36658 69992
83206 38897
46941 7544
34342 29032
63587 48620
40810 50837
66156 73996
91002 10172
81949 71062
67457 62024
30184 45376
80369 24966
30657 49006
75863 17767
2337 74058
25314 61578
40530 26287
6204 36947
74506 28117
11251 55575
41078 22894
23003 30724
76437 65516
39132 12958
19039 47937
57169 40299
19099 4382
63646 47106
62978 3556
82939 33197
14264 28913
47216 24758
25991 16312
45926 2624
14926 8323
62706 57515
60446 17093
742 54792
28245 21641
25520 47696
18813 39838
25651 31146
76893 20776
30493 4036
9668 37339
47683 56021
48436 73557
60917 73725
39211 13493
10088 14247
20447 30146
83966 10611
83371 33591
48048 72923
77591 46310
28932 69388
72637 47057
78505 11712
78003 39838
11084 67088
88432 58462
83180 63716
92459 12672
37866 32834
49545 34337
12053 42225
20828 59127
34816 55571
84615 48977
50321 27095
43771 14525
66651 14944
23356 16730
58193 55520
75628 74125
66934 29269
28959 57160
2373 38749
67484 5240
58123 70178
9982 35044
13924 67801
37776 17089
76488 35211
45736 890
8654 34017
36948 1890
37073 52809
74213 55315
51405 62383
2849 15710
17733 19610
53583 44534
37497 24211
15767 49329
32540 3261
13841 2367
80937 56256
4174 43621
7306 29032
64854 57667
84923 19133
82383 18779
57515 19044
50194 13538
67749 37163
87602 8359
7729 52934
82854 17088
81346 36425
37330 49940
25857 58930
88863 52608
27324 33176
88589 47875
33680 4001
57660 73934
19768 19630
14109 60747
37079 47096
50416 24554
90709 50006
45692 69103
1068 41179
90543 39622
1636 21220
26093 2661
9619 22644
86535 7679
34465 8778
66956 58185
65620 71856
43438 34555
68798 32308
9963 46253
36432 2494
66604 60628
28454 3777
20090 46984
60239 10133
79686 24506
76117 70585
19878 65760
76543 62062
80352 69821
36738 10040
67192 41257
61564 6102
48661 43394
34630 22148
43791 7100
79144 35190
23439 52701
76568 22118
12634 45346
66884 54094
60723 42797
48697 22793
70453 17289
89077 7008
58699 29006
54926 29269
27571 15716
15772 63123
34662 67483
19350 22462
56414 31803
34300 20300
78694 46981
19932 66423
4077 19689
53595 59391
88991 6308
80318 29283
71751 71111
27620 17685
48003 25327
78070 15222
51356 66320
34982 43379
9707 30717
70557 65654
60433 17572
87962 19348
54789 21814
33319 57594
6249 13995
74722 25729
70905 65290
41014 15985
7612 23812
11081 46964
13990 11429
58167 8045
45548 49297
30657 35329
42645 53617
13868 59209
21561 47096
12720 54915
11394 36285
37464 35366
47817 70210
62229 44021
66850 15222
92087 68976
33323 11003
72036 10102
38431 60940
24079 32469
13189 1850
78840 29153
37861 20894
29926 49726
66600 46309
78915 2616
57834 9161
64862 54981
43238 4910
9323 52553
58796 13184
69116 1313
22900 18100
50114 56230
7612 55437
17751 59733
86766 29642
29070 63108
22599 66403
26916 24913
71029 67116
74474 54219
59813 51825
73669 44666
32330 65737
78402 57536
55024 5842
2007 61512
71196 59830
71860 61796
58410 23105
57782 59457
65519 70045
75902 73735
45278 18658
41335 68993
15487 21235
75205 46453
4045 46248
60069 34115
76383 72503
12181 4382
92296 41570
18995 62516
63301 72640
37489 24805
66548 66403
45674 13383
63120 62914
39456 5487
31225 33008
65651 20751
43502 58983
516 74319
18541 27004
32019 65942
13931 54393
73084 10633
69480 35551
30514 40473
84615 16173
23751 21194
13999 58432
58579 25519
35934 10859
81508 46970
18403 58682
14795 54323
43663 15372
87527 13743
17677 5099
82159 67612
75349 61090
6972 3280
87504 52871
10837 47343
83536 10787
43853 607
2122 34858
29345 37116
17918 12745
41222 58983
31984 14966
239 42388
77133 52510
47 66246
15240 10592
21814 10687
40573 45368
19521 50399
12720 34312
86774 7224
34657 27459
59977 19892
82578 72123
73881 54323
21482 27368
33182 54786
74945 47777
47256 38172
14683 44538
6957 22768
9704 32689
24332 45294
1327 55955
15099 1850
16978 27008
81196 63582
17055 41228
53068 73003
22397 41788
48537 73853
24675 56600
91618 29707
68179 62801
61641 50322
1617 46460
89612 5676
33676 42768
16992 23802
7520 62077
11633 43223
69202 72698
41436 52256
48352 68330
61322 57106
36432 15999
56113 10537
7428 43011
57559 34941
78132 34076
84190 36762
44337 49031
22595 68433
83903 49537
80560 34832
32552 2028
67473 56731
38461 50442
8295 20086
9134 70348
54871 51577
37355 60374
15006 28817
21008 871
36111 19596
71180 44894
45462 57784
48683 54564
18500 29031
12934 13184
61730 30499
67783 29579
38130 828
62392 14753
49616 25025
13486 12061
66173 32286
10649 53107
75902 5681
86535 65654
39487 71553
8861 53327
53673 4899
6529 50000
29149 49297
11633 28552
9946 3793
57969 1967
54854 50202
29549 54371
24157 6661
73237 56946
86285 23721
37783 64947
62520 2385
76543 63340
33487 32897
14107 3009
85001 17058
42222 48185
6165 17535
11869 49036
35832 69081
9363 16812
76391 66625
68038 48369
72145 47228
88190 66207
19878 11761
44998 17638
58442 60227
5746 7910
14245 6218
73712 56471
52318 18462
55960 18645
88898 73733
24651 10565
2389 73995
90319 26629
33123 33845
16398 14353
15737 56486
14465 56852
43336 23797
9153 65768
69001 25539
12924 31918
62626 69189
73212 1558
1037 52114
83180 65867
83927 56231
79273 37763
44082 41559
50548 73346
22976 26877
3391 6154
36427 17683
46265 64913
6566 33289
40262 20018
29149 37888
6973 71062
16177 8355
73394 14259
9313 15368
57086 65567
63650 15925
52608 52657
84443 67236
86441 43592
23003 32204
56276 49604
78377 45855
43095 32729
52117 50097
90735 10197
17690 73177
65655 10054
7193 55092
42769 57819
29389 27000
83360 65932
47014 46934
75082 4924
37390 68667
84383 64983
5007 33022
72355 8423
41686 73777
55919 9450
68226 8499
31724 55070
14859 66537
17385 10030
42051 20692
83619 1430
39060 22159
88948 58654
5473 42772
49704 74148
39019 48630
50980 17766
7582 46929
77991 44462
12081 2972
45107 10844
32393 531
33525 1848
57684 27955
29866 24090
63260 33866
48834 15016
10258 54058
14957 24684
53651 25490
74514 2507
39946 30078
80141 9144
83835 15970
45741 64851
74043 5487
45250 61581
57499 7735
46797 10452
92141 63282
77377 18130
70911 51045
72170 9541
41082 27959
52509 42716
31629 17760
27756 14638
44761 35416
43087 23199
90041 29201
87432 22368
89354 17425
24294 53151
31481 42856
34106 18179
45462 41061
33725 16730
53277 61893
74751 26232
37326 68856
14370 52577
7703 5487
64635 67101
39827 65660
70318 40570
40493 16731
64534 10537
67864 64873
12276 21199
87039 32478
21444 67668
34816 61857
62546 375
32184 6102
80819 51836
3703 4108
58035 43019
61057 51896
20190 8681
32561 27902
10210 6364
13146 31039
80159 24621
24210 55092
35791 38236
9707 29606
71468 39325
56806 10628
65620 58518
39393 62937
90660 4359
84895 61036
26533 23257
51522 4330
41567 16070
22278 46902
64794 17536
57929 20877
47014 50840
4655 52045
10158 44417
29106 2446
36422 69607
56221 19629
60727 15753
79648 57895
51748 65746
27177 41092
64068 38198
88948 57420
39313 8539
3390 22212
44623 74115
18813 9882
42026 68568
13087 73869
11417 48525
10936 35420
12634 30961
16510 34317
23696 69648
13924 49604
82180 12291
28178 5042
39105 46803
2439 21293
8000 17282
48110 25765
49677 71333
40512 57629
21996 4949
8640 14875
70803 47003
16150 71315
55294 65682
39032 35334
38705 72617
36245 54058
91095 43617
42419 57895
82592 68464
32184 27015
14107 71925
44000 64407
10649 40974
85481 72503
64534 34954
20881 43182
91134 19005
49656 21945
70824 49519
78733 15073
2250 50013
58193 70237
42213 648
52240 49551
92163 10896
22700 44769
92244 43315
34329 17367
92270 14671
81454 63824
29018 60628
25991 31176
38056 17631
53014 39496
73199 57245
87455 9117
46438 46387
63555 66403
71835 7512
43545 73531
79261 9284
23804 73206
39313 30620
49654 46879
68573 15053
9363 59151
44460 7492
91755 4439
75639 26870
24573 38863
12668 41026
20479 2073
3307 44645
53617 31814
66884 29481
42989 23863
62739 27886
58486 11748
43110 69644
30044 53281
51267 9636
44435 1140
7520 65972
87578 33228
10479 71346
59034 13916
92141 52746
11394 48987
50277 45299
47176 3295
81491 2376
80076 48477
83791 42345
84385 8560
6387 33814
39134 12672
85322 64955
87840 5884
13344 15365
44057 25114
15173 9440
84878 19689
74184 61857
63847 16212
79167 36672
68715 57994
17727 16199
87842 19930
52754 24605
18260 49681
87814 44714
51828 8346
33182 48669
34865 40475
2586 66795
88589 45464
91301 64998
90602 70622
65882 65123
24157 37604
75868 58560
22502 16769
37122 6559
36065 52893
43086 57878
72310 55715
16574 4973
12851 71553
29222 33133
19441 58824
76771 22268
17567 70870
78764 65204
33463 62436
22513 50233
66356 69486
76242 30491
56803 70195
53031 2911
29967 64670
81904 53135
43434 55191
66073 10407
88421 60014
68887 43952
53236 11543
8912 13187
42852 28798
20512 52681
3980 45598
52264 25117
49505 34784
50538 56804
44158 14174
80689 47861
34465 50006
39898 44534
64130 15011
25517 35512
80875 70618
55634 23538
3043 6441
75884 26864
29970 4096
38657 35703
54885 39342
59217 57530
20471 54319
43085 3614
49061 71266
44078 66852
65116 57227
11987 35085
10861 8444
84 23294
76437 2059
33504 22920
51556 28921
71228 52272
51299 61052
29202 49378
57660 5308
15519 20507
41080 5684
13676 74011
75162 73137
31763 48448
64189 51188
26883 44943
91289 43890
90023 35211
26640 42741
71222 67258
4189 57748
41887 47447
71693 66614
73389 74160
62508 65992
16967 40352
34464 70159
11422 29031
32052 13882
64075 68176
961 36469
40094 71617
54766 10104
85087 12455
9083 2023
88532 40619
15996 62085
47475 30491
44754 36249
31956 4617
49871 68707
63814 63688
90143 9332
44993 54732
91945 6162
82949 14898
83025 52534
76242 23780
25641 69350
89382 22601
12893 2850
38153 22293
3388 38733
3773 47471
20076 20665
83966 58457
26905 43681
19557 23749
81630 65746
76752 25693
12180 41760
84366 19437
32534 42514
79358 66937
3008 18971
86526 65290
26750 20883
75884 65281
56911 67568
22839 11090
46987 55761
90202 71510
34865 28879
80942 63130
75441 20617
70318 3162
53583 44769
32330 18548
3237 49275
715 45851
68502 34626
71202 19397
18751 44711
44400 19118
26337 57281
31421 22120
17765 50278
30603 11544
16456 55680
37330 54026
37776 34599
35231 63473
84392 68606
67565 21776
16973 20628
65882 16909
52024 14839
13651 62383
35852 58572
42193 34522
20247 72588
14196 51825
9924 44039
37073 19930
8104 12291
45036 5197
21882 71200
90641 34013
44337 10565
68344 54065
60574 963
36548 59830
64537 44100
78760 25623
50155 30238
56871 34358
90054 38538
21805 13717
92343 20520
66741 44882
5218 22913
90069 74215
64512 67088
68773 38498
12289 14429
52920 21675
80369 37980
80342 21110
68247 25327
50064 54040
28172 27869
19548 25594
71126 57806
36460 53314
42396 73043
67634 39514
50652 60747
75653 2661
80010 26275
41239 10993
3109 25535
60512 34073
54215 22474
50451 1360
1819 32906
40440 2911
58019 62585
60349 10633
24807 44643
33284 45178
45825 43411
809 48440
65290 27330
6025 13169
66270 22103
53586 60974
80689 5487
42616 39259
22595 21123
55648 36039
2625 18494
1995 64407
64356 38133
71893 50124
72977 33694
89547 15405
56962 31590
46063 11805
81237 34231
88035 18233
88990 53394
11035 35190
47160 70441
68606 54683
49833 36090
78516 9400
53657 48853
5558 52377
30312 12642
56093 37
67577 55450
17090 11456
60508 63714
49846 47777
4672 8604
47590 13220
56289 16083
71589 30707
27135 61581
75188 41433
78497 21293
9936 51554
12851 29568
53359 39602
50418 1559
9704 72078
87778 43170
49478 36104
87606 22943
78878 9994
50064 28765
74947 63305
17648 31439
36880 28854
67345 18795
50278 74481
76556 55017
90008 1725
42275 21814
46966 23582
79344 36868
10586 1324
54871 57139
87710 40016
39778 32834
31361 64366
12123 11442
67457 6032
90279 31356
6062 24929
90461 22473
40530 60698
63523 35919
90731 17638
13651 36787
74383 42163
23439 15192
50672 18138
91757 35417
68915 60365
76497 57281
61666 4225
32736 6606
7506 67020
57931 29855
69547 3423
90581 44997
18945 42877
