40587 64768 142
37488 14574
26420 37604
38581 54672
29014 8213
9418 22013
20255 23173
17575 48189
28598 21908
303 88
2899 45794
37782 16734
23082 3267
26245 55583
22388 7155
2210 54638
9905 46681
20557 38810
34471 55636
37213 52320
27485 63800
24006 36811
1330 53798
22524 30967
10888 61908
38367 61758
39459 7855
31144 36374
32810 46402
1254 22607
11420 10694
33289 38059
38777 11158
24469 17900
20298 34790
13131 6921
20380 30807
38684 15618
11350 52782
29172 26561
23722 56579
15169 35443
30329 39626
31907 34183
18134 64398
9758 42721
38034 34687
1600 36017
19705 24655
6944 28945
7681 51378
12347 12867
11270 29123
39399 57509
37597 33758
13164 8250
12159 64037
13245 785
25744 6838
27869 18646
39755 61958
24021 40470
15543 11209
3149 34735
17328 36793
26952 18559
13309 32699
34036 20372
19386 64470
929 56852
32443 61433
13434 27162
30082 40027
5390 6022
11012 53257
26541 18585
25958 21831
15332 46948
32496 28324
5498 5066
18012 52849
28259 46080
26920 26055
15930 57236
3387 44462
21304 47950
19197 7704
9544 28623
27229 50982
34331 15059
17895 6006
3951 38853
37 14258
20698 58149
18688 24810
8023 10503
37357 60290
36344 4598
4317 58972
19195 22984
10911 5835
10617 49387
27989 28751
27085 35874
12126 39278
9805 839
14273 26008
22193 28978
4941 55235
36399 6632
24531 10598
39676 61742
6299 26123
3010 1736
1668 2824
3674 25213
5082 40685
23874 31742
12093 27903
35888 58810
8636 33201
27232 47936
19926 63381
1895 54785
24926 31912
10310 50058
14389 47369
12595 51885
15646 56921
36808 18486
870 39569
19182 6290
18788 17029
27027 38936
5890 12252
17330 14321
16981 19420
39104 62768
26117 36774
24926 6769
957 12960
1799 16992
38618 52803
