46097 94977 1732
2870 46241
20952 2578
3898 13206
11913 39954
6154 56961
16365 73111
20767 72641
36450 88149
22932 45431
24235 5196
11431 27118
11864 39954
43622 83360
9002 70433
37436 41727
36450 17524
42314 83623
23786 62646
32891 20722
29619 15000
25357 45431
25244 93898
15315 89740
34015 15273
22751 63858
29390 25321
36763 87683
5804 11190
12474 3754
37079 46077
17789 85660
31777 25321
12893 52266
42035 86845
31976 18333
9726 31407
43917 92531
22950 11584
21827 84509
30964 54237
21348 64540
18841 40536
26355 89139
31019 93248
14077 68425
5427 21918
27572 19753
43729 76502
26803 35786
17842 24472
15439 77114
37170 46213
25107 73768
15349 23183
29143 24680
3394 9066
43340 27878
29390 59956
21398 44223
2386 35928
15493 90123
42810 66150
40677 92983
41808 77631
25357 19240
30488 14104
39466 82104
42511 4763
13789 56042
20650 48386
11047 60837
34165 67351
12316 90123
1144 44696
40311 67154
19759 71977
30711 29286
38366 12185
29311 43875
16258 71243
11387 37236
8120 64432
9113 72873
428 81056
41786 37669
7273 53012
42868 69487
17917 75725
39295 58032
22049 25070
46077 7008
10049 6744
1267 56757
26551 74788
10118 35662
33837 20292
25399 43893
928 19240
25182 14768
42888 88547
27605 83360
32898 33900
23921 81608
34976 10105
28848 54801
42334 50812
14692 15273
14320 36721
28471 17810
20767 84710
40793 7633
25313 70433
45007 25277
36936 17473
8249 60716
38218 66026
38196 89950
35265 80702
24851 58451
27424 25245
16472 20809
40624 17223
23203 9776
13789 53542
6214 2485
20294 53686
42215 11920
3503 12637
43591 78974
6410 88073
18197 32735
10643 39679
10482 57518
21814 92088
35187 36028
11989 55450
38751 12730
23726 43042
10118 63858
11431 49529
30260 29595
23911 58485
40123 54223
34240 52670
11602 53059
8249 13494
10840 74172
27892 1361
30181 72317
42477 58821
3841 12730
42477 52670
38861 24135
17252 32281
9379 2176
42334 86098
4869 7021
32203 54930
17903 16643
976 7633
33612 60927
3262 64593
17782 668
40757 45153
160 21455
5240 92991
19541 80849
9645 36603
11921 90215
30895 91802
32015 53889
26395 83743
32891 57352
45317 59390
19676 70843
2484 21902
41386 20491
9416 65768
19150 34403
16286 9933
12711 58821
41312 37840
38198 49445
7913 4122
7767 85660
10892 86487
12893 89305
4953 8551
23663 22774
45411 822
42029 59330
32341 31850
27758 38252
37049 83623
36012 48
13821 41810
41397 3396
30319 12470
36936 43938
6762 69372
13742 22943
17615 93248
10786 68462
10097 44940
41312 18978
2087 31633
39698 42355
32997 12534
10257 15393
45396 22283
26358 22109
16124 49332
35488 79132
3932 76391
16891 33029
7845 41907
27572 77846
2104 63743
16124 26
22124 60716
4088 10974
15493 63879
17694 42779
42888 71353
32083 60551
42215 66120
20045 29876
39453 18212
29311 47424
40624 94584
14784 54149
9645 43480
43811 3183
41386 39176
41481 2855
21157 57866
15349 94085
44742 38252
14640 40900
29623 4355
12316 73449
33931 27147
28460 90192
9222 94911
43706 41045
36524 37949
9103 93913
35468 13730
31964 92778
1511 79807
5527 56819
38994 23803
42014 23711
9240 87358
24898 79132
26237 88884
15399 38570
25992 40938
14401 75685
1155 80409
23663 26654
14642 10105
12588 20607
19971 71350
14583 59748
33552 19929
38171 67981
17604 63785
16389 1523
43827 27878
45362 62760
3871 2376
7845 81623
28468 39411
976 60822
32542 28113
14440 40572
17604 28708
1063 92991
26316 56961
20994 66586
17383 73449
3198 71658
46028 2855
3084 41048
7423 57146
28707 40572
21609 58938
36014 47757
27028 87683
34018 51210
5935 53686
13379 92102
9802 16346
22182 9494
24928 31873
21905 77631
20952 27118
25148 88659
43885 40646
35870 84873
8581 37560
3198 70359
37282 92102
6152 61654
13354 29418
6406 36023
15300 88897
23383 86387
16357 9351
12527 58952
3963 1523
34902 61450
39698 48188
23396 19753
32341 36721
27029 94506
30260 83114
39142 14120
24571 86939
23949 19413
36290 59696
21052 22501
3695 34403
11506 65665
5123 54966
5749 63879
39034 94085
29687 88562
26551 25546
30036 61654
2639 54930
15597 23352
5167 38389
17076 94062
3494 80784
20267 48036
1674 2578
41648 31252
928 75075
30895 72468
41840 41810
25805 78458
4772 43875
18879 8599
6148 39136
23603 49763
43706 68462
43297 24349
42002 1197
45487 61822
8865 69487
41760 65356
38156 80560
5557 30981
40459 38947
16297 10062
19014 64729
2639 67981
11952 45074
30628 74616
7547 55188
32665 61487
44011 64501
2736 57970
23344 72641
12944 52274
7831 18617
13110 5323
41800 60301
15315 35786
17436 13494
30899 48665
14751 53091
44080 65768
34881 9814
12738 78448
1383 88971
24571 47664
9204 28749
13354 64802
7946 81329
5127 4694
32997 91802
25785 1
326 44530
30165 21729
24323 48501
12711 76072
5324 21459
1583 74485
10257 63785
34835 27351
44769 21495
37072 31279
39377 7527
11043 43639
5232 2249
18782 57651
14692 73928
16418 34550
39377 84689
29065 29503
39478 22104
43315 45274
794 79406
33803 20351
15783 35207
16891 20595
13110 27041
42345 29503
23383 89740
12335 53059
29115 30528
6718 93913
9726 22283
43827 64495
20110 45823
23206 27147
21905 94287
6264 75923
18254 28727
11199 88897
6468 38389
4510 13087
43407 42445
30628 3922
27981 83933
16471 28531
41730 92369
30596 36809
16259 83408
44742 93325
23232 19821
14401 25210
27274 92564
42029 81001
31907 30814
38099 77265
17793 22402
19219 74904
11087 13722
194 29294
6718 81853
42521 30851
19677 26
13194 31540
1139 24081
44594 33395
11047 71455
38944 86904
258 22611
18254 40646
27801 59748
14066 57928
30390 6744
5804 23352
22668 24349
14640 31633
2730 45955
3845 3912
9491 38032
17789 9814
31931 94287
17055 1453
43942 22893
25695 12452
17917 69863
39466 81853
41633 48188
24739 70474
43529 3183
5167 2621
5935 37627
8593 54301
10482 81001
31964 58786
39539 38544
42035 67951
23949 55163
34165 20912
3656 61000
33933 75996
15655 4355
17638 86676
1139 29440
43315 26127
32748 51898
4878 81091
192 40942
32879 21729
19825 28264
22950 14719
3695 65664
17637 47088
9491 54237
33659 65117
22657 92531
17884 74780
11346 29876
7308 71455
18879 88780
8607 79036
44769 75996
16357 49521
3834 34718
39799 80560
36763 60822
18197 63347
39358 31018
7767 74485
4586 25870
43287 13969
21406 5069
43885 9494
783 35352
1068 78532
2484 26654
6410 78949
11043 60439
533 74172
45813 29067
17662 62262
6148 76584
27892 78691
6798 90321
4102 72946
27648 84746
4088 38259
32681 36787
32542 17524
30281 59255
32015 60869
36012 2176
3175 64455
30826 39541
16259 9684
30264 61911
27424 70750
36187 76072
18270 80849
30625 45823
36387 6110
42996 35768
37381 27119
33933 13969
32536 16110
31755 68944
4910 1749
29775 14018
36084 2173
14583 30647
2265 59696
25215 47644
7038 37819
24834 55500
5511 67351
45614 16798
42868 56757
39539 82029
7038 16392
41424 76938
6154 14768
41840 21913
19155 2485
30685 25291
45669 60800
23328 50716
31268 37949
31163 29790
22124 49001
22987 995
40322 10882
11989 7820
38310 90321
31394 28612
19879 24135
42810 81531
1795 49529
10347 39541
13733 80711
20294 22104
7118 22377
5749 3297
12626 77846
428 53040
40052 56526
44084 65117
26395 27119
4254 87312
21609 69213
35488 82454
18027 14104
30596 67455
3032 64495
41134 53677
39142 51322
44667 62292
8583 426
25215 56471
37201 31850
25882 60497
20712 4694
33612 62760
7913 46244
10195 75462
33148 52862
21953 21495
30181 77052
32203 2173
11857 3754
39995 64455
25244 83487
17412 74616
12725 74172
16386 49001
26821 14120
39358 46241
16286 78949
29775 66026
32790 23711
35883 60427
31281 76938
25661 48060
16258 61768
20546 73062
1086 30117
30853 61450
41633 54482
21641 19929
10786 76302
9887 64490
34042 92778
15445 7865
12784 53530
12333 40942
28634 84873
10396 82388
10195 53845
34423 38618
30685 72087
32748 7597
14243 75923
2145 92260
20994 29256
38944 32735
25439 43764
1063 76391
3573 57358
3574 1331
13869 79919
39034 58823
44300 25210
40459 77654
35615 86904
21933 50042
20267 5069
31755 54482
18020 84153
17793 20912
36290 29286
10840 51790
46028 31252
19683 20595
5776 10298
34859 72898
1068 69164
32898 69893
5381 58786
25147 8551
6264 12452
15061 27041
39096 29584
34676 20502
41481 56042
30964 44395
964 92088
6548 14547
11864 81515
45538 77265
4748 82794
13441 1361
19559 18178
41397 995
19559 32587
8670 34135
44810 2783
436 52605
45007 8810
40757 74004
4074 75386
5315 62646
125 37782
1452 3466
14784 33979
27463 26255
30787 49843
21933 10368
21674 88582
39475 39307
9802 33730
11602 17570
21555 1147
42260 18752
2730 2249
5252 47664
33154 9680
42521 52041
17638 66370
30711 34550
8763 24620
5538 41907
12944 3277
23921 90530
2087 66887
10396 70727
1138 31540
7118 76302
1448 55151
33284 56857
1549 1197
3841 73062
8093 4122
21827 52471
36919 51790
44464 79406
14642 28660
38169 34031
32493 8599
30517 55450
34676 49889
42314 26549
43687 78847
20148 38570
13200 74780
24443 10159
27878 54223
41691 60837
31739 36774
28468 52862
30113 46213
41134 88884
6235 72670
2933 57651
9055 19413
26385 14547
25182 81329
27600 12637
12576 55151
24235 34831
1383 8810
194 58143
35550 94344
21641 9776
3251 42477
29143 49365
4869 69208
20900 1147
22049 83242
36513 94247
25780 92430
19637 27490
10581 70884
29206 94948
21005 38474
22932 52448
1795 775
25215 39411
32908 67154
16818 92612
14243 79505
31049 78691
19474 10062
43917 71391
29063 8967
22751 52265
34148 76039
4950 16798
40677 32526
2870 7865
14292 48665
33507 84838
35900 49041
37201 52265
9416 37817
4476 33395
5315 56187
12626 78532
26813 36949
21891 3912
23969 64593
19507 88317
19569 88149
34148 80302
41800 75241
13087 4595
30390 49956
13223 63825
40793 49603
31838 50347
8093 79579
30853 43078
25805 58828
1689 13206
41424 75075
8537 48442
45317 6462
22657 90033
9365 39176
3754 91481
9129 76992
20735 22774
23076 8101
37817 79693
8155 60427
5427 912
3754 5135
18840 76496
8988 79612
5123 30222
1818 3120
6780 70728
40120 43938
4644 88547
22813 33103
12642 88293
323 54301
34914 61768
32493 33029
3935 68493
32638 16643
13854 25245
16629 70728
9042 75503
38156 79890
8628 93427
25191 31148
42972 34477
44888 46456
19219 2376
40817 19821
37381 54149
43712 58687
31976 50042
33260 5556
29599 64729
16297 40425
4414 66370
3471 93325
36919 41408
3963 40425
35139 18178
27879 44030
3834 56526
14278 12983
23743 4088
22987 30528
34881 3775
31838 30981
26821 72468
326 18978
5127 37236
6232 49036
21398 30140
26341 18617
33733 70492
3656 44940
9055 58952
42192 22943
29178 76992
21891 74517
7946 75182
9222 37782
35611 72946
24712 31024
23206 68343
8962 48036
12603 29452
44667 63825
33837 58283
42402 58522
31394 79706
38198 32526
28437 53845
30517 61911
12725 11892
38599 62262
31781 86387
19150 10466
42820 45421
16471 76264
5324 1783
19014 17223
39295 73670
7547 7008
14373 72881
25695 12983
38228 58046
2104 4595
5796 46631
15725 4479
34904 49397
6619 50347
13469 3277
9240 93898
38360 63570
37861 3168
32908 71243
5681 12534
38218 75500
29599 23913
8988 45274
43712 20351
28133 3997
17529 54461
8593 4479
38861 23820
6506 18776
12867 60755
42445 38853
44464 94344
29771 69372
25399 92612
5566 55163
603 58485
23780 72337
34976 68322
17842 65106
35131 43764
18301 33900
2386 31395
31558 36361
20735 58148
42845 43639
8120 39964
32879 45421
24928 32429
30005 63280
9111 59214
19845 84710
43297 68322
13742 74666
21953 57146
15783 29256
519 88562
39737 13380
312 57352
7273 87312
5381 88342
21009 34831
35265 63743
22006 85530
8628 83948
21157 86487
1086 40536
31673 81056
8432 61298
9936 46500
17412 28531
20136 79036
3935 70884
13865 47424
17615 53822
10569 75725
32583 94948
29917 49036
10441 37488
13821 27351
4772 58032
17436 68493
13200 65356
43407 29067
30036 72670
25762 79449
9495 49889
45516 33669
38310 55291
4205 25123
10145 58521
25992 27451
25785 52605
23780 18182
1689 49041
19518 48060
35727 49763
8583 43893
23232 68944
40592 18615
26756 38441
42511 18182
6406 82999
9116 52471
45538 90681
20555 66299
21009 47221
9290 12470
32625 11892
16818 85439
29372 73928
38633 67455
23396 23803
4537 72762
18844 60551
23517 17533
7726 39352
44300 45153
19155 29452
6152 16110
22419 32429
17055 11092
132 64540
39331 47088
37049 77654
26838 92995
31493 35434
5240 10488
17884 67805
29933 3168
44810 84743
20555 7292
20045 10159
29619 942
20148 88231
32415 37817
35055 77360
39861 6462
21215 42355
35468 5556
1155 69863
29065 52448
19879 24620
2145 1783
21049 8967
21005 9684
37817 61000
6214 50716
10409 25070
44555 52041
5206 60545
24645 26045
34018 73670
33148 31148
30291 8523
5566 9066
35615 37488
27028 12012
4878 52908
42345 15650
17076 40152
24626 13730
23969 13460
4102 71376
38324 91927
45487 84832
20900 30140
21052 80784
44080 29539
6232 71306
39475 8632
35550 13722
24365 19552
28437 89837
5252 83449
24323 94911
1517 31279
3871 60868
34550 75722
39096 10298
19971 51898
3932 56039
40208 66167
1549 41641
783 40152
43895 39679
19759 17231
16418 17533
34859 4656
16629 9351
29620 51994
4306 75182
7831 7597
30291 56857
36014 14629
20398 92960
9113 19295
33573 13839
45516 14103
6780 3092
6603 36787
7726 90192
1818 35506
3574 59956
1453 87092
37843 34718
4414 88342
14929 78974
16775 42779
37072 45802
44594 75241
27801 18690
23787 21902
30685 20809
8763 10788
5866 1453
22182 64086
42445 55188
23726 19447
4748 36028
13865 26127
19824 48055
15597 84743
43857 83242
25780 9933
38633 75503
25081 33875
12007 33979
21631 82794
41516 64559
15061 668
23786 10988
32415 58046
23203 70531
29623 16037
10145 66150
4476 29539
43729 92976
18841 24472
34835 37627
21631 69409
4144 29294
10995 37840
32638 8632
26838 47644
6780 58143
4306 87981
39185 44056
603 35434
28147 74788
27879 51210
25661 18333
42350 44696
35550 40619
45411 31395
31049 70359
14947 64086
794 33875
32971 60869
8055 7021
4586 28749
23328 10882
45813 35352
45362 73768
19541 78838
24365 56778
12738 85043
33507 17810
13869 19447
3898 69409
21295 86590
14066 41045
9129 22109
1511 53091
18435 64490
24915 25960
41714 53889
14320 65664
11717 81091
26316 57352
32971 29440
17694 5760
6468 66120
42346 7527
41808 31041
35925 94258
3262 74838
38099 94258
18782 76584
6798 86676
16914 31024
40817 83449
30928 87092
17782 6110
31240 56819
27274 74480
35413 15650
10097 46456
258 45490
20398 85948
24851 31407
11717 79612
13854 38111
19507 87811
4910 13380
44059 10974
17903 83948
29372 88048
39799 69213
17252 42107
18301 73111
10347 54601
10441 92960
42820 63280
25313 75652
40322 54966
35413 44530
36187 7292
32681 82029
38366 44347
11952 72703
1452 66887
13441 74666
7305 65528
19676 942
9365 70727
6235 74480
14947 52366
29115 253
21814 83487
24443 426
1138 30222
42112 92976
45247 33730
36387 58828
35925 71306
19824 66167
39861 67951
4033 48501
45206 8101
2736 38220
16914 94948
24232 56471
42192 3922
13194 34477
34902 55500
21215 57018
4033 88780
35883 49365
34550 4867
22813 90681
14107 79706
18840 80302
6712 25870
14278 75652
27981 79505
21734 45955
25081 22135
31163 5323
43591 94247
4144 84832
43622 35768
4510 63347
29771 43042
28634 21459
36037 7292
22006 4656
7492 72762
14001 82999
8670 64432
37202 22377
43942 25277
41648 10988
26385 2890
21295 54601
10643 38220
30281 67028
9495 28264
17529 64559
27029 82454
9103 21918
4644 80702
9042 83114
23344 48
10581 85084
8537 17305
9752 30814
17383 43078
4979 3120
31019 88317
32790 8523
42658 33230
41714 11584
6548 27451
5557 70990
34240 86939
31268 85530
37319 14020
19825 19043
16472 71391
23603 88293
14401 66299
39478 84080
10892 64802
20546 18776
17415 57352
22595 53012
30899 45074
2929 22501
40052 60301
38171 58451
31781 35662
31967 26255
25882 52366
26237 57518
7492 46077
26355 83933
27605 53040
3175 38633
12007 2621
35375 48386
11346 65665
33284 63021
27600 84080
31931 33103
13469 70474
33552 38111
39185 78448
28578 19552
8865 90215
37108 73727
42845 78838
8607 44056
32665 76496
18848 71977
31673 26549
3251 85439
16062 52908
35928 45802
9116 79890
17765 68343
20136 16392
26358 17231
17534 75500
45283 31873
16365 41727
12474 57018
11857 11936
35706 31730
17415 17570
35727 60800
30685 36774
26842 14018
19677 90123
30787 67229
312 76722
31777 56039
2062 33729
28133 38633
2265 61298
4979 4088
25148 24081
21674 12748
43895 37819
43287 57970
18881 93427
1904 61822
33763 58148
19518 28113
6619 20607
6780 84689
17662 77360
4205 3396
42972 80711
1904 46631
2929 94948
21555 32281
31558 72574
37843 3775
7792 70750
29206 27490
42173 5760
24739 77114
33573 35513
44555 19295
5511 25546
21049 29790
23596 87981
42346 28727
29933 94665
36037 76264
25439 90033
45206 60439
13223 91596
8432 71353
11251 56187
34015 23183
35187 71376
43610 37560
5796 4867
33154 18690
44011 20722
11921 36361
14107 20502
19845 57774
15211 1749
38228 60497
33803 26045
34116 57358
4950 60545
33763 44030
18027 75462
24898 72317
35550 31018
26842 62666
33733 18752
38360 49397
45614 7292
3032 60247
30165 79693
27844 38618
17534 60927
39737 58129
38980 5196
3573 87811
436 78458
29063 71350
10891 19240
31907 18307
40123 9124
35139 53677
43340 85948
13733 38474
30264 35506
37079 45490
9752 91927
17765 77052
3845 11085
40311 8771
1583 67229
22595 17473
5866 51984
4351 18212
16386 90123
30319 84459
42996 49521
14829 70843
30826 64261
160 62666
24712 10788
15445 21913
1517 72881
16932 17945
37202 61487
14373 38259
9761 58283
19683 23820
14829 67028
1068 36023
33659 44578
37282 76944
41516 18307
34423 88659
5206 44223
27463 46500
10569 20491
6603 30647
23786 57439
3084 83408
9002 59255
23076 69208
35516 19588
15725 89837
23596 2783
37319 58522
42342 86098
514 10488
14401 33230
36513 58129
23082 41408
30113 80409
42112 78847
31739 81623
39995 47221
11251 22402
29460 23777
16775 92374
12576 64501
2933 3466
25215 69164
22495 40012
29687 12012
16389 89305
30625 75722
36524 53542
125 52504
18848 12364
12303 34555
33849 11565
41730 72873
22668 43480
35611 253
42402 84153
39331 84459
4351 14629
45283 34555
3471 12364
37030 41641
14440 11456
45523 32587
37030 12185
6506 71658
4537 2890
17438 76722
22495 59214
19637 10466
192 19588
17637 36809
4074 47339
21348 3997
34904 59330
46077 66586
26341 31730
19474 35928
132 34031
37170 88231
38196 75386
31967 55291
32583 51322
29460 57774
24645 39352
27878 86845
9761 1337
14751 13460
3494 60247
35131 38853
1453 82388
514 50698
5232 49445
38994 53530
23786 42107
11913 25314
40120 7820
36258 58521
14077 46440
26756 11920
43302 38500
18435 92995
1144 35710
40592 51994
46088 4763
40027 72898
43840 48648
20712 73727
35928 49956
39453 46244
35375 36603
43610 33669
4534 52274
16657 38441
5527 62292
28578 18615
43529 11085
10409 92260
13379 65106
5981 28612
16062 74517
33931 25314
23743 37669
11087 49843
12303 70492
21734 23777
2062 25123
40027 74838
23787 28708
43302 36949
8962 79919
18020 37574
28707 81531
41615 5135
24915 76039
6762 3297
5538 67805
4534 84838
35870 1337
38751 30851
38324 64261
15655 18879
43687 89950
42644 88073
12335 14020
4433 11092
8581 17945
34042 88971
9379 48055
7423 46440
12867 11936
42014 57439
25191 74904
36084 29418
1448 42445
33260 72087
35706 54461
31493 17305
23911 45092
9111 35938
11387 85084
3394 57866
12784 31041
42260 40619
42173 59390
42350 38032
34951 22893
43840 40900
34914 16037
34116 72574
4433 65528
32674 48442
38980 74004
1267 912
533 70531
6712 87358
42644 94070
35900 86590
9204 90530
39334 79807
43811 29595
42342 87059
37861 16346
15439 17565
38599 15000
40208 91481
45247 39136
43857 40938
13087 25291
24839 35229
39334 22135
30005 38947
20650 72703
11506 8771
27648 34135
22419 17565
37436 15393
16657 3092
37108 19240
45396 35938
5981 39307
35055 11456
24626 52504
17438 72337
27844 10368
33849 35710
25762 1331
27061 83743
18881 56778
1068 94070
44888 51984
23082 52266
19569 9680
44059 53822
40862 81608
15399 58687
44084 28660
24839 88582
33962 775
34951 58938
21406 19043
36258 76502
23385 90862
41615 90862
9936 29584
8055 44395
29620 92430
3503 11565
323 822
32083 35229
7308 63570
1674 89139
7792 38544
964 60755
12588 13087
519 45092
24845 79449
29917 18879
28471 13839
41786 92564
40862 23913
27758 63021
11199 21455
31281 79579
41760 50812
12333 60868
12603 76944
23385 24680
45669 11190
26803 92369
18270 44578
45523 91596
9887 20292
24834 88048
42002 92983
20110 35513
25147 58823
5681 84509
24845 49332
38169 94665
12642 68425
14929 85043
27061 44347
25107 49603
28848 42477
41691 93062
32625 14103
29178 70990
31240 40012
10049 25960
42658 35207
9290 74172
15211 41048
8155 54801
28460 84746
35516 82104
16932 57928
7305 38500
46088 92374
14001 37574
4254 12748
10995 81515
33962 14719
14292 50698
4953 87059
12527 47339
26813 47757
18844 39964
32536 22611
32674 93062
30488 48648
10891 33729
28147 94062
15300 69893
23517 75685
30928 30117
5776 9124
24232 94506
