94573 32905 2366
45474 23633
12237 18350
85411 4161
17348 28957
48173 23077
62968 23256
82520 15249
68846 1102
25634 4377
335 12790
73291 5432
83352 2081
62611 12109
28277 10305
13185 29007
89823 5318
32376 25753
53650 27596
40834 30476
63671 9205
84027 21323
32498 20791
33937 22637
7385 6434
36331 19639
79412 13171
12867 26259
6562 10976
54376 12769
92106 21934
34361 2850
36859 19349
78998 19947
39178 25891
2192 1572
32430 25351
32487 1533
76596 1429
41805 17731
92830 27477
80101 677
77601 11421
63207 8962
20085 18138
13731 23187
71334 20904
78378 21177
12262 32801
70171 10294
66470 32427
68824 5233
85862 3148
20869 22914
57928 1323
69306 18519
73704 7425
47455 7884
32401 6053
42751 19243
63954 13298
65589 16813
70710 25856
73668 17567
48570 1569
72409 12539
64799 20894
31787 28232
51139 16853
76178 3754
26566 3938
29409 995
93980 7743
19068 23582
37889 11255
93039 3433
78503 31887
70669 25567
70549 17020
55802 31964
58692 25755
73880 30524
34980 26840
73173 20082
22962 7743
26824 11264
53621 1113
8472 8385
75297 7100
93319 835
51144 14550
76836 28991
10846 13779
39571 32843
62258 32718
59294 5012
37192 31427
70805 7425
45729 17567
48503 14036
6773 31250
38320 8013
3721 313
77063 26122
36724 17852
62037 14410
10352 28906
81339 14810
28392 26451
31592 26555
57176 4768
90531 25239
81957 14859
66512 17573
34952 28453
5255 14562
4053 32434
42994 6959
66117 17573
78723 1908
29658 4327
56242 1723
53655 7624
69981 989
6355 247
51585 23142
42236 14492
88831 23185
59142 31664
55437 24371
85593 11943
9034 10478
89170 4306
43883 22490
21220 28979
28863 28794
57306 10345
30471 8083
61358 31225
42994 15158
49080 303
73880 22943
82304 27344
28036 30184
25412 21645
28947 15732
57364 12686
49049 7225
86036 8469
20586 10798
50418 25753
83421 19349
4170 29441
34288 21108
11707 25940
19697 3088
27179 18490
62100 19416
62638 7162
3486 16098
11478 12912
68535 19352
33859 6185
78528 5329
53144 3872
52971 17944
91420 13290
90066 3558
61281 6028
32527 11195
93099 17485
24787 28745
78912 15419
17344 2833
33877 28311
50186 28906
39270 8394
89033 20277
57893 16813
58743 19118
59739 10037
48761 25651
63020 1355
10809 7662
354 15064
25210 22031
6007 23739
1199 8102
51264 14279
63716 29058
15156 3060
75345 23842
9082 14808
15777 27616
5056 26082
28897 121
62104 10894
46448 32672
53176 27721
14061 5310
28344 10116
17018 19391
28380 31767
42372 13537
76905 15550
82806 8984
64736 30664
19856 3192
16621 8500
63805 8957
3043 8284
64736 21624
32328 26022
81339 13720
5721 8083
54415 13744
90842 23633
54043 29642
44328 10318
9352 18581
9268 32582
66938 19629
58914 9127
28761 1113
29703 12886
8516 13097
7704 29514
83807 3558
71509 27338
60040 835
36947 22000
85061 20936
38786 26413
66494 25222
63045 3180
52351 6804
19603 23935
47973 19416
11478 25953
35911 10155
11147 26082
83824 23739
85601 2757
35911 9517
4677 29953
12859 7185
12315 31150
38704 26272
4644 24708
18396 22452
13185 20797
42583 10305
50056 12790
44300 10326
55162 10716
27034 19606
86245 12742
71849 17184
12189 27074
1289 14643
51310 30348
37268 3345
12960 8786
48103 6936
63538 4523
11926 313
13706 8347
84549 8350
42460 20936
53484 2320
50897 7929
30194 1508
70227 812
60652 9081
31429 21497
17207 14040
69109 3042
59264 28074
17625 1232
90002 16569
89170 24898
23832 22215
69374 14837
46158 1817
77084 7243
37328 20082
60412 5284
35935 3714
31592 17187
45635 30908
55253 12429
13331 9205
23242 15151
10945 13263
76451 25244
83924 18195
42302 4912
89402 1992
92830 18727
65572 21732
65630 8496
60563 26219
52801 1723
92498 5193
82304 10415
16646 31225
57486 18494
25011 8393
20586 21568
32134 23634
87170 7425
64332 16573
78723 27594
13531 13445
32401 13397
57466 3883
84673 2490
48817 3501
92498 22167
8130 25779
57306 26376
35874 7243
60974 24748
5056 1844
87052 17384
39412 15564
33577 7586
31385 26376
89967 471
1731 2010
88804 12264
48310 25891
10945 8028
845 1508
79419 622
85280 22127
37066 2810
58948 6867
74188 7662
50741 7504
88155 12348
30385 3379
59727 4618
69324 28453
2565 13962
57895 29642
90101 12457
37280 8898
66717 27179
35718 32843
65046 18494
58114 31114
16337 25505
11308 13161
71400 12727
2541 7310
93391 12081
92967 21553
4249 15733
30371 22031
82173 26630
39716 26546
45127 11107
51078 15653
15777 1382
51109 29641
34135 25740
62638 9291
3011 1459
34361 17192
37054 81
43883 4072
47874 3888
61326 989
24236 32721
63532 11904
57149 8753
4138 32009
80077 22160
22691 18519
51208 4220
37931 13832
71474 13263
53997 25020
45981 4729
57269 303
14638 9680
67731 3383
9900 2095
71400 2388
44781 11350
22823 1147
70022 28745
55816 28701
75503 23579
55355 24025
92532 6182
70489 19320
30108 3060
49388 31140
13358 12293
61396 7972
23919 10885
91515 8494
53166 26790
79939 28323
1595 29937
53650 3491
40990 26998
62046 3098
89999 5610
5624 24001
3382 4618
72408 24292
22078 13988
3426 19591
51437 16479
20938 18445
50134 30184
45400 19069
84239 31899
43647 10760
5703 27793
77993 4953
1890 10987
62611 19243
20573 26016
6177 23139
81588 17192
30777 19038
29409 13243
5805 8449
48103 6065
16520 16813
27831 31767
29757 25366
27028 1844
19068 21686
45015 22237
44349 3574
55043 15442
30108 30664
62104 25567
36557 289
74430 31427
84600 17100
13833 18138
48550 22712
77199 7666
42948 6125
73267 31964
53569 5177
15098 17360
87118 6445
79067 1817
28344 31591
57193 21823
227 11974
45106 29953
27661 22000
33599 12234
54805 12859
16131 6369
52667 8006
89831 29937
3910 20978
89142 31032
1289 24199
31951 3574
31520 10032
83222 7225
1689 27961
117 11856
40376 18556
86907 21901
4053 26517
66284 23582
86101 30813
20792 8006
24119 1878
49220 14912
62164 8691
480 2081
74104 21309
44581 25799
34050 18684
81313 2810
83076 11349
68479 31571
92532 4706
39816 144
86536 27070
59624 8638
75093 31622
82520 31547
77377 199
93592 26005
75345 29213
87170 32231
34483 21805
42449 10116
91420 859
73360 861
49795 28074
12189 3961
75761 15923
24865 9143
85110 16387
58900 26600
72364 9532
80557 12752
9443 12694
61358 18748
43605 25646
51145 22559
72653 18302
31240 8656
86993 26239
69439 21009
75503 14617
45474 20925
87886 25733
51264 18580
14110 24398
61134 8013
85280 31706
2648 2666
55348 27483
36145 1572
89698 24041
48238 7788
31240 11666
28331 17516
77968 6134
45015 20123
13583 32352
37220 18490
62595 4294
18747 17005
57466 22600
48570 14533
31088 30376
30307 5310
3315 16836
26412 15038
12332 9737
1595 31713
12371 27255
55371 30476
13086 5509
81588 32582
47709 22691
7230 1758
57230 30846
47336 16853
45863 4540
33859 22202
11527 9079
24230 23935
88831 28225
66470 9532
27661 15829
55437 21009
56344 3777
12312 31720
71474 21553
77199 32734
53499 874
25210 25239
48045 21751
6355 4361
21679 719
76346 859
55059 13635
59727 20338
58293 18985
15880 29604
5255 19098
65161 11713
81766 3819
11333 27477
79481 11864
4013 2459
44618 32836
65518 32223
76905 15990
9993 14009
49680 19958
51926 13418
44314 121
26831 19154
36145 9532
58693 13828
49883 21751
29658 22539
28849 10355
52266 23402
2340 121
3598 760
51977 19098
61358 31560
42236 10976
50418 3192
85061 18546
52127 3501
66971 2490
84658 25740
50454 5509
11147 29843
46163 7652
8903 2723
83120 17621
79698 27087
91567 15882
50454 11107
90066 14353
39569 8976
92271 3840
27831 10987
33567 16399
35450 6244
57186 4060
93634 4352
73704 16577
41114 31701
80460 27186
70489 6896
59017 5679
39412 6032
31520 5778
15027 9532
37234 22920
50521 23826
30307 2666
88552 11636
93457 14410
63608 19639
47825 27721
71989 25799
1247 13159
74889 14271
76836 13405
39338 3580
2396 30860
15333 7890
19062 2745
24319 13635
83352 11838
86337 26506
3589 12859
27086 17384
34064 9081
42883 4361
55043 6280
7087 18929
18396 6798
84187 19320
71334 3888
83042 20135
19763 2010
90723 30908
16868 23187
10324 5444
30500 12348
37931 18022
3742 32672
3721 304
83744 7495
93186 8416
70805 6369
30471 19231
18542 3101
30500 9086
69183 31611
41800 29889
68479 32398
27743 27344
93319 20810
56447 14040
12863 3034
51588 17828
58868 20184
59747 7586
25967 24012
46205 6798
57471 20555
45810 31236
2656 7806
85995 4430
40031 13970
58154 23558
12332 12128
36489 19386
91471 19156
67435 23070
27817 4797
87256 8228
52237 845
59747 6552
45783 25777
53923 14353
74018 3098
12551 10221
11327 7100
44781 26232
61836 25777
63045 19092
8516 22943
45729 2393
83838 8782
72025 3852
75761 1163
40399 8753
42841 18218
77077 10294
30194 15686
8130 8885
66787 21177
77129 8354
57778 26788
13803 7675
1247 21626
75093 31513
70949 31720
82593 27078
69581 16577
5721 6134
57504 7602
9026 8469
5742 9046
58914 14376
1199 26546
63190 8726
37328 25135
63770 2476
62038 15015
57768 29604
35685 5177
62164 26122
14061 12234
30889 19873
15069 29614
20244 10521
56189 14808
51144 27186
37458 8598
25561 7583
61281 19214
76430 32165
725 4008
35782 29933
3011 31247
27028 30209
36331 9732
56984 25600
63671 28610
51109 144
74889 19430
57226 18308
60230 17454
91617 13821
67187 22534
73291 786
48550 18503
51139 15564
9026 6473
3322 16851
83120 9143
82687 20021
44985 7806
84600 10303
62710 25755
74716 25630
55616 29008
35151 4294
39725 13205
49265 5015
41363 26259
27033 2565
76053 520
79184 30209
63532 19038
85617 4027
80167 14550
45009 3180
41170 17907
11527 2410
53810 12815
93592 26272
67008 27793
23829 20894
52387 32754
55059 12093
93745 18148
91610 22426
71290 10782
27691 1460
54666 10032
55616 10326
28447 2526
40834 19391
75061 31383
12880 14433
83807 10760
93134 6596
58692 8902
10391 6204
28761 18150
81957 5227
8870 20998
52931 11283
85593 28263
53166 26232
55067 31407
66808 8384
46555 12457
87735 31551
73428 23907
4249 756
86583 7624
10668 6310
57486 24008
41114 5012
36184 9680
15009 20648
64799 16827
44598 7535
67129 32009
85411 30479
31442 1536
69324 16836
13086 16851
23242 4692
67129 7922
38704 7666
55355 9565
6773 8691
23013 22167
30171 27795
15156 28021
63403 19902
67008 2793
28392 12752
24765 4618
9352 15686
90002 3728
24865 7185
73713 18503
12608 13183
71279 21501
37585 2653
85680 2393
94162 15021
19111 26049
78378 9552
72408 5896
2413 21823
5806 30607
36513 15695
58900 20791
31281 28921
30889 19915
26841 28232
5742 31611
57261 12769
76867 27019
6719 596
86206 5827
64332 16708
29990 3380
45712 5490
59142 7119
90063 30403
1845 4081
84239 12312
40099 31713
61845 19514
11559 18558
12371 8902
62048 4912
57661 13763
60899 7972
32648 29889
38376 1932
70513 22591
18747 31383
6372 30479
11559 15790
24236 1460
76430 2270
39275 10109
24143 16315
4486 4872
52387 10080
68098 9737
36502 12293
89823 21624
37585 30607
74799 18387
6558 5615
63497 2615
58948 7761
17823 2603
35151 4372
4579 26239
27846 13220
44581 20860
50134 6445
89722 11369
54415 14837
20590 28897
50705 24956
16621 998
31312 19221
17625 27204
52591 12740
51453 15172
62665 22914
52824 23070
40507 11899
9234 14959
12237 15601
9093 15923
57895 29260
39338 23203
13239 16659
30254 19515
3435 20904
10418 3411
84187 6513
12450 19128
72692 2095
82809 22402
51467 13205
69439 31032
55371 1676
77521 22895
10846 16360
27743 8494
25232 29554
37268 19243
8448 15605
22823 27993
17443 5778
94509 30608
5862 10705
18787 21732
21277 5610
4600 13744
78358 1790
13239 10894
16337 6032
66518 29008
37054 4394
85617 32841
93457 15557
25383 13628
70513 1913
65589 3735
40990 31707
20590 32643
13702 16259
72847 16360
22883 2092
77993 30860
66958 25115
19700 12694
12560 26268
11399 25153
84791 3379
51208 6053
55162 28842
49291 25600
21453 19691
52687 10303
32498 26506
70118 5440
55560 25733
67435 7518
92671 26784
77268 21501
40867 1844
9082 17036
18860 4022
45400 20925
88612 2603
61396 8228
79396 596
88912 4701
82100 14119
27846 20241
82593 27872
56576 10781
20850 13628
68709 5284
53947 9037
55755 22194
40476 8230
49616 14528
65161 20797
15040 15442
63020 20714
33937 26788
67825 30949
77084 4953
50521 21989
66178 3819
10597 24398
89731 26998
61319 26824
16868 28921
85181 2844
46555 27019
83718 13176
45635 18302
90531 8598
1155 18350
87256 16573
86212 4523
58810 10107
42577 30152
52266 2837
34445 19214
227 14998
56447 31150
86212 6185
83718 11756
19261 1323
31429 3777
5703 21093
93031 22591
69183 11838
27533 12686
18787 30307
17344 22712
70197 2811
38281 16388
71316 13988
62100 13379
11707 11537
26412 24740
28764 30376
91471 16259
45712 13659
19261 29853
74104 25115
27910 1533
88612 1932
75702 19028
51458 28160
23805 4706
22962 31636
39901 29020
11320 2767
2396 9765
61319 4978
53923 3728
3910 24244
70239 5265
53127 2217
31541 20555
93745 4160
76308 6685
53499 32713
39178 15829
40072 14236
50056 10107
83598 22411
68319 30670
50430 27961
90101 32425
20085 13998
79597 9197
28926 13763
27910 2449
66523 32872
14694 15158
17269 8034
26392 20021
3322 24954
70000 2745
82924 4768
81766 19937
5893 6462
74018 5318
13731 31591
94257 20006
38281 13260
85601 3555
75702 24495
1689 30975
66753 10415
45127 26694
19402 24041
7385 27274
9993 15574
4500 32780
57149 29853
87735 11713
57193 8347
55348 20829
41592 30964
7968 11537
72409 28527
57186 2795
86583 7119
1553 27910
28764 29260
88994 26396
7541 19951
33203 17746
77834 15695
89999 14840
47468 25244
27533 32287
92066 17454
43647 3101
78768 6596
36557 29922
51177 7060
45106 32777
20792 23420
59567 28501
40476 845
13331 8449
60230 21117
93193 10705
10174 18106
30390 31987
58154 19028
12880 1459
46205 31701
37064 15990
12551 28610
51676 7008
92444 32165
2340 29987
62762 11264
25634 10798
33877 25130
70948 12602
65670 6235
51585 2051
36947 29554
83039 6959
7900 6949
4728 3380
13702 786
26566 15064
86383 18218
60652 30272
70118 31630
10668 30664
56503 14643
35955 25135
20573 11195
22883 18375
51458 5329
37220 31411
17269 8230
11333 26444
34050 20978
71279 4228
48866 7890
28331 12128
46794 19915
51078 15172
41475 15057
14859 3714
53058 24054
9656 22559
73668 12082
4330 14724
20869 32777
41194 27646
4728 8726
66518 26694
8041 20227
70239 4692
51177 4161
80460 247
87392 21104
33885 23139
69856 646
69373 16448
70669 5444
22078 17057
88804 2998
47211 2833
84241 30017
83191 26146
71261 6896
94509 23203
10174 17458
80167 3264
57434 5896
4500 2689
14287 81
63805 30249
43605 24269
59294 30403
65630 29049
35450 9412
39474 9777
57504 5817
60899 6685
12859 199
14105 32800
2656 25609
58810 25222
77521 4621
10352 23709
25383 27771
34032 12203
88722 20692
20244 30608
15556 1790
15225 21841
94366 28501
43697 9197
52127 7814
71849 21309
77224 6591
85680 23282
15880 31571
83529 12568
40153 17398
29393 31248
47658 6280
28926 10579
39066 812
9698 17977
11138 23468
35782 19782
24652 24416
86320 21484
44300 2270
47874 25475
45275 26792
1845 32734
4600 30501
92066 21841
55922 5193
73360 19782
53175 9086
54311 29770
90063 22402
21105 13745
87854 3345
73839 6804
88714 9307
14287 11074
71933 2603
41526 16315
19792 30846
28863 8671
48045 8975
85995 31649
76596 4797
92271 11899
31385 10782
77601 23420
86146 10355
90842 13221
91617 26049
51416 18387
1553 4022
32134 22691
58361 5440
40578 15550
8903 322
29268 8962
72068 32754
12214 3411
72653 28160
36859 1676
58693 26451
93031 9300
57768 3735
44771 9987
1582 7504
5154 23838
27179 2689
87118 5015
66753 17020
61375 1490
23013 18684
73428 20810
177 31777
34445 32287
57928 9916
62710 5615
52667 23838
9093 27255
55243 2795
73173 8282
17018 12496
10391 9765
46419 22452
12214 7818
62048 24371
19792 2283
15009 3852
84169 21503
8574 15557
48866 26784
15409 6302
92867 27721
87392 26551
30805 17516
71056 11975
40153 19184
67825 7008
39130 31100
51676 31248
40957 32713
32443 27043
78689 30664
93980 23282
62581 31636
84142 32718
7930 13770
56984 30211
50741 28266
3043 6879
27341 32427
34110 8638
94366 20321
5893 11974
46448 19639
45329 7495
32427 21563
35935 4701
51241 8028
69373 12109
39725 22426
52801 8102
58782 15151
33383 30796
23504 27771
48238 32009
2413 26840
88155 24456
38917 29922
91017 21563
77055 4352
86536 27338
71290 15537
15106 16835
84549 25915
42302 2372
49049 31140
32527 13405
44793 16388
35718 27195
33602 21012
54805 31691
49450 6085
84368 30949
117 30796
52931 30905
46419 2003
53810 25540
31787 26319
19856 9734
44793 22022
78689 25815
57176 15733
33602 8975
12315 22920
70948 30717
15225 12568
71767 22534
28849 17854
78998 20684
56587 32721
2020 17100
20938 325
9444 4008
14859 14618
67925 23048
89033 17360
12165 7412
27034 24244
90398 26118
62037 6513
84132 24269
39501 8384
13394 7578
1046 18556
58361 14558
34980 27034
88327 6473
19603 5631
47336 14376
33885 2372
89543 1144
15585 13418
45861 3158
21277 4872
41805 13161
36724 22355
54311 2656
9443 29949
32617 14865
74628 1722
88722 26600
39680 22327
13299 7583
679 5679
2289 16569
89967 21069
93186 8354
53484 26268
29900 15790
29309 12725
87052 31507
93006 6028
24787 17187
45861 27078
11926 25020
82307 20648
9189 325
2192 10521
42751 2695
84371 7652
35583 9037
83901 304
71167 1676
63259 9291
26824 17828
61802 21503
15943 8385
19238 11350
75815 31217
54238 11666
9717 4394
75815 16399
57471 9732
79698 24898
73483 4621
84132 16387
61830 6182
93193 27596
29703 32636
70171 31257
7968 4197
72025 25505
8041 14618
13803 19902
21943 24199
66178 6235
76519 30222
68535 9060
23504 27993
55253 23172
45981 15492
86101 19639
64916 22600
18119 15578
13833 27779
90450 29514
55922 17036
19062 27087
73878 31551
81844 2972
50897 23730
91017 19655
80023 18929
6177 20419
46412 28897
41194 7232
92106 4306
82809 27795
31541 32780
26841 25599
48817 2459
42577 30762
32328 7675
30598 14482
56360 4142
36489 18748
30777 22855
12960 12815
92514 16001
53990 22022
51585 21484
40507 11756
70197 17385
61358 13990
37889 25779
50705 22490
30254 12727
72068 17729
3301 20123
15367 21626
83824 28311
85240 10139
21105 29213
26831 9060
40376 956
73878 31914
79597 11636
43564 20419
19708 32665
3486 6591
60412 17944
63258 2998
20803 18150
17348 31411
82173 29933
90398 6310
4013 11446
61326 3088
63770 11022
63497 6434
13394 3491
48503 20338
22403 27650
51310 19693
76519 998
19708 22614
66958 25646
93039 31152
77077 10716
60563 20714
26157 13409
57261 25932
22753 32643
40194 9300
34064 7412
39569 21405
37064 27721
40031 3042
16520 25351
7392 22411
55889 26624
21679 4327
29831 14865
36296 14528
64995 21934
40867 21335
29776 9565
80557 23826
20803 2972
92268 2092
79396 19184
70549 21447
75297 32231
28947 25669
66971 26272
42883 30813
55031 12607
41431 27011
70581 23730
42372 11349
2648 2449
74021 30762
7704 2732
12213 28021
43564 11899
20850 29448
64055 31152
29752 23185
6516 30975
82117 13260
63538 14912
8574 14522
77224 11134
59739 21044
70710 31320
20267 7929
31951 32636
3301 4297
17637 17746
26392 26219
29268 13659
63396 30670
53176 26449
28897 6204
10809 9485
14105 8394
82495 21405
9698 5896
19111 26792
45783 24072
26334 25496
78528 22068
74706 5851
79184 32352
6148 3580
55560 12496
16689 15175
94374 6085
42449 12081
57778 12539
24230 15882
15333 760
47910 26413
7381 25630
39130 20135
15409 30211
12213 950
31133 13183
32865 13821
64916 15601
33829 28651
45810 3098
47910 24054
69856 19156
20133 26005
29752 3433
90230 13243
56242 26422
17207 16835
93006 2811
63017 21323
69306 6302
1916 11421
84368 25484
84983 23393
57364 9300
21220 28338
74982 12565
11492 20006
69981 289
70000 13628
29398 19128
67714 5759
71380 4430
79419 13779
19963 21104
14638 31887
28036 581
57661 13171
82100 21805
1406 13097
26157 32434
18542 15605
10224 11975
34288 581
74188 11370
80677 10109
64240 8282
55067 14459
19836 31100
18860 29127
66808 19629
43361 32223
20847 3754
480 26824
10152 26630
40399 30307
51453 9993
1582 32548
23832 32571
89402 622
72692 19691
30385 31560
6372 2767
79481 31114
66776 13445
25561 1569
9717 11856
64995 18629
15069 1355
28447 2565
16444 20860
22753 4060
725 22022
93634 3883
75693 15914
7230 2424
92514 11845
37280 22068
57893 10659
5154 7425
38320 756
58868 19231
60040 17057
10324 26834
38917 20753
68070 25540
69109 471
68824 29614
19068 23634
84027 11157
36280 15249
63194 3840
30390 31507
70581 25915
65046 19447
70999 15057
84093 13619
45329 1722
32941 470
66551 7310
71316 27043
4579 18727
83744 22855
23919 2615
32487 14492
47455 17977
58801 23355
27691 14959
11138 15810
74799 26272
81844 31236
78591 19606
92967 27646
9656 14459
71056 13619
32427 22327
1916 12533
27741 13998
78591 7039
55802 322
34952 11904
68319 12607
12165 13290
59520 2603
49895 3961
63954 3806
32617 32780
41363 31899
63190 21989
39066 8034
88906 10221
13583 9307
70022 27483
40542 26422
22399 1809
177 25153
91610 25815
56360 22355
61375 4027
23829 28160
4644 1809
46909 21614
53569 30263
13706 28338
80101 27011
29831 18558
83076 10781
87854 26661
44328 470
21081 11369
5684 23953
10224 25366
73267 27859
4170 22305
35874 1495
19068 10239
53175 5233
73482 21108
7633 6689
90450 17875
64055 11864
8870 2695
49616 7039
48761 7162
63608 30477
16841 3098
57434 23558
29650 12602
83901 19243
16841 22202
30305 22512
32376 27195
66494 13159
40099 31320
19279 28515
15106 6936
51585 11157
76867 9485
15585 8139
51145 8786
76053 11074
2565 21540
87886 27910
88906 20684
47825 31891
58293 32836
83598 20265
62695 15742
65670 9046
49136 4577
71261 21044
32865 23953
59900 2217
27817 21279
77055 27858
55889 2837
53550 15867
74628 32665
86952 22678
80677 13282
86337 1845
66512 19951
7513 24025
53621 14435
86907 7974
17443 5107
27183 22160
35685 5490
28891 25659
65572 5743
33383 2192
32443 2653
19963 10964
18815 2320
82924 3970
34337 16828
86993 31547
354 995
91335 30272
15040 16659
44598 20183
53990 27779
47281 13990
46794 24748
23805 1382
86952 13121
15122 31632
66117 24008
36184 13962
5862 20808
43697 6577
32941 9552
74021 1992
58782 23564
17637 12533
49388 12740
82569 25856
62665 20692
3315 18581
63550 23709
79067 2410
60093 12429
51437 2388
66284 24126
59017 5759
86245 25659
3382 21645
82687 24126
24765 25609
78503 10037
29757 26551
33577 19947
63550 17005
92671 15015
3435 23907
83039 10964
88695 30905
67187 15914
3742 13298
93134 15419
58114 2967
3891 19693
4138 6244
49680 1490
83042 13220
21943 26517
88714 7505
78768 32800
77268 12742
87504 6125
92444 4656
89722 1144
71227 14724
6719 6949
9900 30717
71380 13770
5624 7505
34162 20241
84673 27179
22403 29448
85862 22614
75061 8139
44618 22194
34110 30524
48617 9591
12312 12725
90723 22020
3518 4297
77129 10080
55816 13121
29776 19873
68709 31664
51588 2223
6393 1163
7513 26449
62595 25928
42841 20294
5806 12886
12608 16372
14694 13221
91567 21069
70227 27274
46184 5808
58743 28527
7087 28677
16689 14009
70999 10528
378 18445
70710 23077
54376 4081
7633 28701
6628 24456
33829 24740
47709 2217
24652 28323
34135 22717
52351 4209
15556 2003
87134 27859
61830 28991
20267 31707
61134 7788
56576 20321
91515 23888
25011 32398
78912 3872
8069 20227
43361 11446
58407 20183
68846 29058
62038 2309
22301 19591
30814 2967
74496 14279
19279 2906
25412 14433
29393 5797
35583 4618
58105 15537
51241 17854
52591 3938
11308 25813
56344 30263
30492 16098
9189 29949
7930 28677
14110 31914
71227 956
19238 22243
4677 719
10418 4372
43230 2309
10597 20998
76178 22127
14165 31706
68732 2217
7541 18629
85762 8350
41800 18861
63258 21279
55755 6577
16131 29020
45464 1429
78358 6867
92867 27594
82117 19092
59656 6462
70094 11845
16646 19937
79813 21117
82304 13176
11492 2723
30371 22237
89831 28092
55243 31247
38376 8782
63591 10318
40542 2213
25967 2223
40072 29770
57226 26319
34163 8108
90545 18580
46158 9551
84983 12912
49883 22717
83191 3034
59558 1474
19402 23010
63259 11134
48310 8416
34337 30222
679 7535
10996 30348
59827 28579
53127 646
56189 28515
53655 24708
84142 18195
335 18985
89142 19221
1406 14810
43084 23564
66776 1495
68098 24292
63017 26396
79939 7884
3891 7060
40957 3264
82806 9127
47281 25928
85762 16827
54666 1913
10152 23059
52824 10528
77377 28160
66938 26790
52687 30152
56503 24072
9268 8108
44771 26572
67731 1845
83222 21055
92268 23059
39231 7974
76720 10139
94162 32841
845 28225
30093 29049
83421 30017
66787 32780
73713 22215
19836 15492
37234 1147
5208 21497
61845 22539
60974 2424
45863 17729
50430 22022
15367 861
74430 22243
44349 26146
62762 24956
12560 9993
30305 13628
11327 10579
53550 17852
28380 2732
84169 1
89731 13828
1972 15175
29990 375
71989 28957
22699 2476
59900 15578
84093 28092
84658 13720
32928 12264
13358 21614
21453 13745
47211 12082
24119 11255
39270 17485
85110 26834
28277 23256
42460 2757
36513 4072
43084 2850
35925 375
62581 15732
77063 4160
32376 2109
88327 16001
20133 28794
21081 32425
39474 21686
53947 9916
85240 15810
11399 29127
5805 29843
15098 17458
38073 5808
46184 27074
74496 24012
24319 21645
45275 18861
2541 12312
41526 7818
18119 26572
53058 29007
51977 29987
84371 18106
74706 20294
47402 22020
48877 30501
59656 677
378 23172
85181 14533
80490 15574
66551 14562
87663 21447
42282 16813
39816 25484
94257 26624
39901 9987
89698 5827
93807 18022
30492 32548
82304 23197
19700 26444
5684 4540
70094 16618
94374 4928
39571 8656
49136 32422
47204 5797
31442 23393
41972 20829
33567 22305
82569 16828
9234 15867
53144 28651
76308 30964
4330 7761
86206 8976
72364 13409
57269 9591
47051 29094
51467 5662
16444 25599
50186 15742
75693 23048
61802 30249
76720 11022
20847 19352
48617 9734
34032 27858
86036 25798
64240 27034
32928 5851
45009 31649
30805 1844
49795 11283
36502 8496
7381 25798
83529 3148
87504 17621
6007 21012
80077 1102
1890 10885
44985 17184
6628 1474
10996 31630
87663 15021
28891 5631
9444 12986
17823 5896
63207 10239
6558 13832
52237 3342
83838 22678
27086 31777
54043 19655
89543 24495
71509 28979
42282 13397
11320 25953
59264 3158
31133 16855
40578 8885
41475 14271
61088 26016
82307 23197
32376 26899
43230 9300
57230 7518
6562 20753
58105 4978
19697 5432
37066 14558
46163 20808
62695 8500
27033 31891
48877 19069
35925 13537
61088 14617
52971 21335
59827 26661
67925 1536
62046 23402
33203 8898
22301 14522
38073 2526
42948 10345
82692 25496
77834 14840
5208 16448
76364 24001
35955 31622
42583 2906
81365 32872
82495 32422
3589 5743
3518 4142
31281 20265
88994 3970
29900 23842
29650 23142
1046 7602
63716 23468
47468 7922
48173 20277
85002 7578
69581 9517
85002 11370
34163 27872
47204 22895
54238 16479
26334 8984
84450 950
59520 1878
4486 31257
67714 7049
41972 21568
12262 2109
88695 4209
32648 27204
22699 3555
76346 7049
51416 2793
8069 2051
86320 9551
24143 25932
22691 21901
81313 16708
37458 31632
19763 28263
63403 23888
8472 4656
70710 9079
46909 24416
2289 19386
69374 14119
63194 19958
72847 27070
68732 3806
34162 12986
93099 21540
63591 19514
71767 19118
55031 12565
73482 4577
86146 31513
59558 5265
93807 874
29309 23355
36280 32571
53997 23010
30814 3342
13531 5925
71933 17731
46412 13379
1155 27650
88912 15038
49080 5107
66523 19515
39680 25651
38786 4729
80023 25669
47658 12093
18815 5662
15122 1232
34483 14482
62258 31217
63396 8671
62968 17907
13299 22512
9034 10155
33599 14435
49265 28579
84450 28266
2020 32801
86383 2656
45464 2213
30093 1758
77968 27616
39716 18375
21428 17875
61836 17385
90230 18148
81365 2192
73839 32009
40194 29641
12867 121
60093 19154
12450 8957
21428 28842
15943 12203
49291 16679
6393 3383
29398 10478
41431 4220
90545 18546
91335 22637
58801 25813
25232 17613
79412 9412
44314 10659
30171 6879
8665 25475
32430 26022
39231 11899
71167 16618
1972 25130
47051 14236
83924 21645
76364 6552
73483 11943
93391 24954
84791 20184
22399 4591
49220 6689
65518 13282
74982 14859
37192 31987
1731 19447
47973 6065
66717 17398
80490 4197
49895 21093
6516 26555
8665 15653
12863 2844
49450 19430
74716 18308
15027 4228
7900 29441
59624 13970
39501 31250
88552 31407
76451 30477
7392 26118
51926 520
79813 16679
70949 16372
3598 31691
31312 14036
82692 26899
56587 23579
30598 8393
84241 14998
68070 21055
31088 5925
3426 7232
87134 29094
41170 4928
39275 8284
6148 9777
27183 31080
47402 5817
49582 7814
8448 4377
27741 16855
41592 31080
49582 17613
59567 5227
58407 1676
27341 2283
36296 25940
14165 4591
