64782 92594 986
42109 50145
8719 50529
55420 59807
23409 25260
52205 81141
63776 2632
53236 87250
46640 44303
34382 60181
6052 38101
17444 89566
57022 36666
54308 73060
32704 61152
16117 48553
22365 24037
3482 83930
26450 28619
33626 2881
45710 28348
15835 33766
33356 17249
42903 84921
18480 89621
21831 79686
57559 82816
62295 11993
27392 88116
31966 27867
58351 72275
15969 9450
15745 260
15858 1360
53719 52824
45703 45036
48488 83613
29141 6601
52610 61290
44359 2258
9895 51865
45116 76501
23329 34140
60657 46398
58289 58174
60105 63412
33342 5305
11564 91897
13886 57175
41789 67829
9873 52758
59973 52419
16510 45999
56821 47126
40419 58763
52205 81922
47292 90636
52908 64375
35676 47676
5401 44645
21634 36641
36357 54826
19870 42305
5176 65617
15665 79002
26764 91014
32913 20884
52159 35344
35193 71968
31601 16729
29058 51702
40001 55562
15961 64619
35327 67767
38609 72123
49632 57591
39925 48006
9707 24492
36404 30585
10595 22816
50754 22915
22390 89623
6811 52871
24235 22430
60497 5352
21094 69197
56206 77995
7947 25925
31451 71199
40923 37174
33308 68073
63436 34709
53906 19424
13949 77499
55270 63092
46807 73099
5342 59772
18230 27730
53685 76705
52655 9641
33043 51977
26063 28667
31673 71644
25384 82424
35191 22747
42811 24775
52399 58077
57522 74638
28971 5891
10840 29776
10693 48605
56919 2305
28316 4477
63117 70397
2475 86484
31198 64068
37914 76154
45422 67513
60057 39181
12008 90403
54519 18338
32687 1139
25105 15511
40613 3777
28709 81103
6793 76486
13190 33510
44274 8148
43813 92316
21454 37208
7323 1237
16182 87878
31898 45743
60202 32240
54829 6580
61995 30166
18551 67655
2838 64071
58248 41288
24210 7815
54823 36654
17998 29819
35121 38386
45108 48217
13373 58324
29683 20074
27797 39599
58972 51926
27521 61801
31054 30941
44144 9898
35345 20841
39962 76004
49771 85758
43418 77782
22473 66077
57719 65622
36393 60251
27629 23284
5201 86425
6094 23633
1432 83806
2023 10504
22812 7314
34759 21930
14006 26620
63610 62691
53296 53182
54991 43394
12279 90650
43355 15848
8854 85580
5494 2300
6847 26387
6876 46583
11201 29934
33791 85549
57024 34194
48109 59496
32678 87638
39091 48215
406 86020
44625 64594
18879 29307
23166 6606
38182 39444
16244 74207
22275 50349
17354 86629
20589 4177
63623 44553
60583 92464
48252 37444
56293 51916
12436 85004
55563 66470
39476 43568
59345 27055
33358 9956
24926 65860
36191 723
21955 40711
40678 57781
26523 19628
50407 77952
40991 58339
19882 40125
48758 7612
3829 24687
20833 27555
41253 59171
5981 9634
24492 15759
47639 31498
43114 88113
56378 13432
472 82861
35055 59174
23033 37096
124 68937
36231 46323
529 19159
42527 56218
62117 37837
4471 78074
13883 66949
56279 29534
11168 87428
42691 51658
50034 44005
12583 78435
57170 11397
27908 34847
187 6334
59869 1935
19589 24577
1817 27499
35525 30570
41327 77006
19542 24227
26058 11558
24320 19965
55655 18271
543 66903
51183 1918
56434 35527
34012 76126
14302 15241
26423 79409
53376 71891
43094 14863
47404 84791
1950 21868
41384 69934
62801 63445
43352 3495
10023 46104
32868 74929
8549 28719
29209 15170
62194 18023
22717 87459
30387 61600
22011 88227
38076 35889
51101 65824
7986 27171
16063 36196
58005 27222
23906 29284
11004 84130
14485 37044
9709 12216
12329 28750
3588 38731
29645 10251
46796 75635
4763 15429
4694 67902
47619 60256
39185 18221
14163 35928
15149 62028
54185 72168
24201 7180
23809 51802
7240 9396
20930 13734
43686 47991
52807 53030
59330 52149
47530 46610
38720 7797
12289 7763
14377 83285
14655 30159
41952 37309
25927 74160
46524 74910
35045 60310
9123 11273
27585 42424
15507 60060
64636 26678
40861 66800
60641 21217
47169 21843
22400 68670
58573 3875
21056 79884
25938 39722
14844 34241
13286 31086
40388 23749
15677 83624
41731 36797
10182 76450
8070 57753
33449 34780
33768 72611
31449 50546
42798 32355
34590 73842
29770 80331
32814 44477
58777 39509
55339 18699
15588 63562
19864 13004
41058 86351
56797 40008
39887 83385
57375 22247
5321 60001
573 85336
19986 52105
53831 61152
11722 12077
63137 24251
64581 82720
10297 21618
4990 13476
23317 44155
3578 44935
1612 72839
41491 33665
37903 41787
1435 70335
43145 55187
224 38860
22575 40903
1787 79521
63095 11952
55943 44036
60824 69759
50634 38347
51389 82679
31780 13493
41564 65429
49316 69980
55341 87680
57112 15205
5410 16416
46693 18103
57480 28414
5901 58789
25896 44051
18962 84458
41816 65900
46466 17139
42826 58462
1671 73213
20644 20932
22352 26884
64522 5076
55022 89122
12735 79568
25924 29996
7453 88107
25612 4246
2045 80849
25165 18433
28431 16020
35911 85260
10801 58662
15990 16473
27901 31395
4302 20016
36633 55825
64549 3992
31529 69484
19066 56007
9073 40583
8767 5095
52264 39899
64651 60776
32062 31622
243 28251
5065 32983
59925 42728
33619 57583
36214 16241
29360 19893
13967 91310
21682 10452
56206 49649
56009 8168
8756 75539
45463 23766
42058 61874
47349 22814
43145 15410
7081 62701
25344 79908
52079 57493
20722 33279
21865 75056
52275 82394
61810 11076
52898 12688
14994 89483
30269 18904
33402 46079
56130 31583
24734 54077
10415 51285
18036 48708
4107 9299
54092 58586
52851 20349
48103 7359
55954 39350
60006 30100
24040 49315
50353 33336
39908 36990
50512 17123
25576 45361
8052 49575
53912 40957
35612 9361
9574 69382
9125 90708
37380 57332
54401 15521
28212 49700
44978 38376
62616 73794
22549 75391
19933 5769
55716 35371
28699 32138
7595 21865
61296 74659
56888 67101
47080 30925
62264 42238
20784 71394
40108 38466
46727 76939
59495 83800
63347 64097
63716 66038
13959 86620
4773 67887
28474 76891
3150 57930
56872 19728
19254 80769
39261 48011
13794 53866
34254 12804
47517 82293
49115 41576
29808 40265
26433 4199
61663 47741
24164 68611
10110 40081
43685 24943
39462 42277
6498 37656
50974 23973
4759 29483
46527 50566
26783 27217
30402 20480
53149 43010
41757 70400
58826 64685
55343 66773
57878 23732
17417 83604
62159 56422
9251 18469
52024 1677
51117 66767
32799 16571
59205 57380
34002 70493
40175 31070
62393 87469
36337 15739
4828 13125
581 31005
47010 39446
45951 46564
51061 67820
40853 30990
23338 8978
1376 40135
21713 78398
36286 503
61896 30685
39377 90172
59135 81794
24609 29585
29016 29175
12261 49423
51504 17232
23731 74969
31606 16429
16161 55680
50190 71629
60168 4115
17631 75157
17316 64955
9171 59417
30640 19211
50174 42610
44974 73288
19287 61823
7689 36658
199 30566
54184 32231
40314 64948
5266 64076
12516 72191
871 26367
20334 52982
3818 37545
20026 50651
59028 68463
27488 92135
50197 78025
11625 19941
43219 19401
23716 13386
14317 85369
30802 67131
48574 79890
35470 36165
39099 87679
33852 76564
8241 11628
46093 29646
19037 6093
9546 29488
62815 50063
54706 31759
59068 63543
29598 15064
25088 15690
43067 88432
31117 53910
22525 14840
56326 67566
9908 70663
13241 53751
55555 29098
18588 38822
45391 59207
10714 81102
2976 59605
4913 8207
17751 36766
43185 31534
41900 73287
4164 92183
10260 12355
12601 75783
62260 58818
56644 73092
24160 43856
43554 14218
44426 5031
14916 6697
50860 3404
4430 6298
49981 73184
23754 5755
9706 43588
21383 41338
46087 7381
9172 53984
58935 17612
16535 89864
11570 40510
16548 41795
2746 19380
51811 60259
44753 8409
26412 65476
32825 59439
82 16254
29981 39148
5726 91795
14093 12236
38763 59634
27066 46999
41405 36965
1899 45876
10509 32046
25377 32286
46295 19298
51683 13913
13806 11123
14825 58463
43328 75244
53377 50963
25553 83223
59763 50333
3291 57662
57330 67245
58109 55881
19833 69057
26112 63188
28150 14017
48075 41072
38975 56624
19131 58016
19359 27197
13344 74537
31477 5256
48401 6969
983 69995
738 52637
21203 24351
36794 27726
53426 41141
41640 41498
40760 73394
8287 48207
34066 3238
10139 4844
36480 16168
44533 42781
42534 48038
2918 50820
51520 87517
28552 85664
16267 18498
42140 69318
27528 72698
27646 46523
15947 25983
14441 41705
21738 45465
38057 89017
26621 74199
58392 80135
10362 76174
5704 8547
17025 65492
42397 87144
13639 53796
9514 7927
54071 27594
8341 83097
15617 5566
55737 67435
21359 10118
24180 47458
57331 15963
49052 56743
52326 71425
29755 8404
23459 74899
40758 28365
18959 56331
56068 71821
22335 2547
58675 64729
4222 81933
29614 8056
13190 9973
43944 70013
18527 732
63881 50355
25101 85955
29028 91510
19811 32780
12506 39138
20360 19614
58500 39011
57491 56860
61405 38273
56176 24016
3000 46036
3243 61475
18232 4463
35309 37760
46861 92386
19447 12459
18643 46699
52604 13441
46312 49300
38377 20455
40048 20082
14713 5374
1314 41676
18835 5426
11558 12359
28963 70102
57266 64609
58318 898
8506 5356
62324 55440
60 65526
7541 89442
35601 2846
55808 612
27966 35865
7495 48935
24931 67118
21592 27591
48077 4903
39152 61750
29686 49537
27280 54883
63179 80675
20664 86718
31422 35656
13447 89263
3304 34001
59499 90627
26049 4529
15543 23418
29689 57364
52502 31635
42618 78862
54073 24848
26899 78496
11171 82737
48032 4446
44118 44096
7064 54620
57834 67411
13225 78996
14985 33954
38017 29412
2080 47617
57415 55669
10984 87587
4840 49017
8085 75848
12614 55402
55870 62185
42064 36698
16366 69992
59840 21463
1463 15730
60781 87979
9508 8544
40728 72902
51510 34471
14349 32684
18217 25891
4106 16563
53079 25599
2267 63020
58817 35621
49276 45353
7245 54097
8220 10335
19412 22398
31286 1109
15798 44401
3744 16732
35613 11311
41096 86767
38605 21746
27740 41429
18198 32851
5254 82120
47573 54931
56753 71653
11455 62596
47057 24924
6635 63343
44557 41932
25591 85948
63170 21919
39747 19177
37924 39652
22784 34511
13477 51085
41777 51832
28407 2349
59340 60247
60955 32832
61036 43203
10705 48893
32957 71728
43614 603
28955 51114
7277 3049
49305 68769
45693 66106
28531 18240
49679 45979
13150 87816
4969 85226
31636 45387
4866 12419
12887 27569
30231 75183
43001 81879
1807 18954
51134 79059
52380 67984
60521 73619
56890 16192
26041 42211
24059 44232
41725 36203
8372 66706
14434 22568
54553 86269
3818 45826
13662 75042
9692 24803
37256 19617
54298 9756
6000 20966
23154 65710
7108 52523
27436 85713
23605 49934
24184 88726
53949 60118
62307 72320
1337 10149
4660 34932
42291 71790
29135 3437
15854 67811
21148 19817
21754 60813
8418 77560
13884 35481
31819 80036
39296 37293
32369 3948
14048 40446
23073 51107
34210 83394
4235 44960
22476 50461
8348 20682
42967 86198
52806 40617
20268 74819
4992 13905
39638 61112
57452 84323
28104 39166
33911 33639
14530 44991
51158 38489
18958 17082
41153 18481
22002 65880
63649 66504
54604 14382
12928 20385
33507 50277
12250 52486
53144 86606
24604 58566
19950 13427
52055 53360
44681 75946
57866 41140
8506 17215
28755 45584
7543 48491
34788 52494
59456 36928
16674 80413
56053 74906
46888 53892
10270 76546
38386 18740
36906 62658
41533 46051
40173 29442
55645 48550
24764 83653
43862 61753
59512 45194
41377 74841
58551 50669
19012 53405
5240 41468
52649 31597
51764 21270
59792 66531
62816 86560
54722 56230
59903 37598
49472 19050
21666 39511
3492 17525
8595 85292
16551 21969
28892 533
48255 35701
55797 37908
61730 2809
59006 86621
36558 45984
55621 54074
58319 88720
49592 10600
19 84262
1172 91133
44391 52452
17072 81083
32628 81849
27809 64094
23643 37487
38425 53497
30707 10623
33017 25701
14257 18311
36484 43020
41249 7706
31233 89045
34975 76124
35206 55887
3169 66703
25997 7458
50718 73994
26679 49362
55651 38267
58339 43273
10854 30670
17609 58121
56638 52910
41856 84350
2861 91033
9605 67498
57830 38566
11457 54646
61241 72074
5711 40419
12289 72286
39821 57632
54282 56465
3641 68522
44216 19109
6809 20549
43861 16001
10063 59205
50425 29143
34730 13553
44307 52704
14162 81868
31637 79721
29184 54547
57941 28072
46142 59672
33397 13405
25178 50453
22918 55099
25724 71104
48596 18220
47482 60475
55770 12681
12659 84125
59482 793
50169 66720
62063 70326
46824 29621
26528 3971
24025 50110
