943 550
2 1
4 1
5 3
6 4
7 2
8 3
9 8
11 10
12 8
13 7
14 13
15 12
17 5
18 14
19 10
21 4
22 21
24 7
28 25
29 4
30 21
33 3
36 24
37 1
38 14
40 34
41 2
43 4
44 7
47 25
49 44
52 20
53 44
54 9
55 21
56 6
58 30
59 51
62 20
63 44
65 29
66 24
68 40
79 30
83 35
84 80
85 40
86 47
89 45
90 57
92 70
94 10
97 87
99 70
100 70
104 100
105 51
107 32
108 77
110 58
111 103
112 72
114 3
115 92
116 75
118 16
120 92
123 47
124 103
130 49
131 46
132 99
138 25
139 123
140 18
141 57
143 17
144 102
145 69
146 30
147 57
148 112
149 84
151 114
152 21
153 97
154 38
155 140
156 48
157 89
158 143
160 112
161 153
162 2
164 67
165 25
166 147
168 157
169 155
170 37
171 134
172 154
173 84
174 118
177 142
178 2
184 70
185 43
192 14
193 84
195 25
196 11
197 65
202 129
203 192
204 103
206 169
207 23
210 161
211 179
212 171
216 17
218 124
220 37
223 173
224 204
227 201
231 42
232 138
237 35
238 91
240 82
241 66
242 75
244 158
245 3
247 235
250 137
252 161
253 37
254 162
255 141
256 146
257 94
258 115
259 118
260 218
261 217
262 111
264 57
265 15
266 200
267 204
268 29
269 15
270 265
271 60
273 29
276 37
277 164
278 40
279 170
283 231
285 28
287 143
290 231
291 290
292 49
297 176
298 174
299 219
300 211
301 300
302 230
303 275
304 210
305 185
306 144
309 13
313 218
314 308
316 136
317 47
318 67
319 155
321 233
323 285
326 173
327 245
330 248
332 45
333 227
334 237
336 205
337 66
338 147
341 333
342 13
343 81
344 89
346 41
348 183
351 104
354 322
356 123
358 126
359 90
360 191
362 310
365 228
366 159
367 79
372 316
376 73
379 76
381 375
382 65
383 205
384 321
385 119
386 225
388 48
390 54
391 74
393 147
395 250
396 156
397 3
398 386
399 27
400 177
403 302
404 142
406 130
407 230
408 119
410 30
412 34
414 122
416 394
417 377
418 127
420 193
421 153
423 30
424 105
425 257
426 424
427 71
430 290
433 18
434 7
436 265
439 332
440 74
441 406
443 321
444 440
445 275
446 262
447 16
450 242
451 214
453 216
455 1
458 149
460 287
461 194
464 59
466 463
467 229
468 326
469 284
475 340
478 75
479 16
482 9
483 193
485 127
486 314
487 69
492 236
494 397
495 144
496 14
497 423
499 111
501 124
503 306
504 206
505 339
506 366
507 1
508 431
509 488
510 177
511 11
512 460
515 341
517 512
519 174
520 282
521 213
524 424
526 271
527 45
528 497
530 219
531 66
534 141
535 157
536 293
537 117
539 521
540 520
541 13
545 172
547 255
548 105
550 427
551 201
552 101
554 452
555 290
557 123
560 146
562 158
563 95
564 559
566 345
567 66
568 235
572 280
573 358
574 569
577 349
578 420
580 145
582 371
584 514
588 400
592 288
593 74
594 557
596 539
597 380
598 515
599 94
605 83
607 338
608 338
610 119
611 465
613 417
615 149
616 131
621 63
624 45
625 361
628 108
632 506
633 135
635 577
638 126
640 319
642 229
643 422
645 129
647 602
648 243
650 481
653 506
654 563
658 417
659 371
662 1
663 653
665 479
666 445
667 397
668 479
672 341
674 91
675 5
683 501
686 444
688 451
692 377
693 370
695 4
696 320
700 141
702 142
703 652
704 216
705 658
706 547
707 204
708 668
709 365
711 510
713 497
715 381
716 378
719 479
722 566
723 158
724 73
727 208
728 253
729 513
730 409
732 377
737 573
738 641
740 649
741 567
743 402
744 80
747 112
748 743
750 94
751 38
752 161
753 16
754 503
755 358
756 225
758 220
761 62
763 470
764 349
765 488
766 448
767 354
769 103
770 494
771 598
773 192
776 617
777 455
779 485
780 447
781 695
782 354
784 607
787 546
789 189
791 36
793 108
794 503
795 383
796 560
797 274
798 88
800 675
802 710
803 66
804 257
807 583
810 546
811 77
812 644
815 249
816 233
819 470
820 506
821 634
822 555
823 479
825 409
826 412
827 342
828 660
829 83
830 760
831 634
832 816
833 412
836 251
840 72
841 362
842 227
845 98
847 404
849 687
851 166
853 178
854 182
856 328
857 138
858 396
861 500
863 658
864 253
865 249
866 461
867 528
870 110
871 423
872 235
874 178
876 150
877 670
878 721
879 510
882 652
884 11
885 133
886 216
887 416
888 558
889 781
890 757
892 435
893 433
899 603
900 76
902 427
903 290
904 6
905 208
906 484
907 640
909 116
910 70
911 258
912 842
913 620
915 907
917 8
919 337
920 303
921 419
923 571
924 352
926 842
927 648
928 274
929 356
930 73
931 235
932 871
933 883
934 686
935 426
937 342
938 393
939 505
943 415
