758 388
5 3
6 1
7 4
8 1
11 7
12 9
15 8
16 4
17 5
20 12
22 19
25 16
26 17
27 27
29 28
33 10
34 29
37 15
39 11
40 7
41 5
43 20
46 34
48 5
49 16
50 7
51 30
53 51
54 36
55 7
58 23
59 1
60 51
61 18
64 33
71 55
73 25
75 60
78 10
79 12
80 65
83 29
84 4
86 53
87 27
89 1
91 43
92 34
94 93
97 97
99 26
100 56
102 66
106 36
107 31
108 72
111 28
113 108
118 12
121 34
122 56
123 7
124 44
127 2
130 51
131 78
132 123
133 77
134 63
136 81
139 139
141 105
142 135
143 4
144 119
148 148
149 20
150 78
154 99
155 132
157 121
158 49
161 55
162 3
165 62
166 33
170 9
171 127
173 104
174 142
175 44
176 59
182 46
185 48
186 29
190 160
191 70
192 1
193 143
194 71
197 133
198 148
199 97
201 165
204 160
205 101
207 155
212 93
214 126
215 84
216 6
218 203
219 14
223 37
224 185
227 167
228 98
231 64
232 210
235 65
236 197
239 42
241 127
244 113
246 199
248 161
249 162
250 139
251 6
255 223
257 226
259 259
261 4
264 133
265 162
268 256
270 195
272 3
273 223
276 21
277 11
278 197
279 175
280 39
283 153
285 119
286 219
287 126
288 192
292 10
293 279
294 225
295 50
296 236
297 140
299 121
300 270
303 62
308 58
314 215
319 283
321 80
322 40
325 227
328 98
329 17
330 17
331 140
333 230
337 223
338 243
339 201
345 253
347 23
351 237
352 227
353 337
355 336
356 295
358 65
359 358
361 313
362 110
363 151
366 326
367 195
369 308
370 156
372 218
374 133
377 366
381 287
382 169
384 177
385 129
386 187
387 214
388 188
390 213
391 177
394 175
396 318
397 278
398 233
399 86
400 265
405 41
406 219
407 403
410 208
411 149
412 22
415 369
416 239
418 280
419 48
422 5
423 282
424 126
425 68
426 378
428 163
429 189
430 6
433 200
437 11
439 303
440 151
441 15
442 212
444 124
447 51
448 312
451 353
454 275
459 169
460 107
464 304
466 335
468 378
469 255
470 74
471 2
472 79
475 456
477 59
478 162
479 329
480 401
483 189
487 333
489 86
492 259
496 17
498 267
499 364
500 138
504 312
506 2
507 240
508 182
509 397
513 446
515 136
516 115
517 147
518 79
521 3
525 261
531 328
536 193
537 129
539 101
540 393
541 248
542 233
544 302
547 443
548 523
549 127
550 464
552 511
555 75
556 495
562 336
563 508
564 47
565 127
567 262
569 177
573 344
574 138
576 442
578 330
579 454
582 39
583 562
588 452
590 405
591 588
592 566
594 230
597 328
598 30
599 436
600 393
602 486
608 491
610 582
611 25
613 486
616 461
619 391
623 111
624 146
625 8
626 500
628 314
633 510
634 579
635 132
636 284
637 427
638 41
639 342
641 290
642 460
645 144
646 144
648 178
651 142
652 354
657 543
658 64
659 504
660 135
664 43
665 347
667 592
668 41
670 464
673 249
674 114
675 284
676 395
677 156
678 564
681 91
682 251
693 419
694 60
696 519
697 78
699 696
704 579
705 202
707 263
709 317
710 351
711 562
712 52
713 458
718 490
719 589
720 505
721 215
722 706
723 470
724 717
726 135
727 690
729 701
730 365
735 670
736 167
737 455
738 678
739 83
740 70
742 25
743 623
746 569
748 618
750 189
753 236
755 275
756 237
758 283
