100000 997
21 19
38 12
93 93
106 36
227 111
239 139
357 107
378 273
733 535
774 123
805 679
860 78
879 84
1002 733
1005 590
1018 519
1375 940
1379 663
1446 1052
1520 287
1639 248
1689 1686
1729 588
1738 599
1787 248
1934 216
2058 1682
2161 565
2319 1661
2327 1970
2564 370
2580 736
2622 185
2801 2620
2851 2198
2855 1429
3065 1238
3080 1114
3261 229
3275 1098
3295 2419
3307 1672
3430 1355
3506 1196
3639 1287
3778 2640
3985 1974
4205 1682
4334 4312
4824 2434
4853 3428
4960 154
5037 192
5053 4717
5166 446
5308 2735
5350 4031
5502 2197
5544 4901
5555 2660
5608 883
5724 1724
5868 921
6140 2031
6181 5402
6220 1944
6442 3785
6495 6209
6499 1952
6510 4946
6671 918
6687 20
6718 391
6769 6557
6782 4457
6859 3534
6867 428
7062 4326
7115 451
7124 3374
7472 759
7513 6126
7719 1584
7731 6156
7778 3825
8220 5808
8402 5288
8443 679
8475 3826
8789 6177
8828 7465
8859 8273
9059 5065
9098 5476
9126 3184
9239 7203
9245 8265
9296 7085
9416 6655
9485 1348
9507 7369
9601 6445
9616 701
9686 8894
9802 1387
9859 974
10020 2857
10143 4335
10227 2293
10264 10109
10445 8942
10712 1804
10729 8177
10783 4305
10837 4689
10853 2001
10923 7421
11287 29
11319 8758
11597 8311
11802 1711
11865 4617
11971 4858
12121 9272
12280 11640
12371 7409
12372 3645
12463 9315
12467 6502
12540 7911
12786 5181
12941 12334
13103 11866
13484 5959
13626 6524
13749 3680
13827 8934
13843 4758
13898 209
13921 12037
13975 10088
13995 12263
14000 742
14027 4214
14108 5901
14216 13283
14377 12110
14550 8074
14863 11699
15281 11660
15307 12172
15323 13325
15385 12883
15586 1940
15671 3095
15688 9433
15716 664
15759 3640
15775 10971
15877 10064
16087 2955
16557 14294
16627 15117
16743 1368
17105 9556
17153 7596
17177 16593
17244 16772
17355 13390
17394 9353
17476 14951
17512 4147
17686 14527
18013 11139
18215 9474
18259 9187
18311 16727
18387 5914
18468 12676
18529 2887
18614 16384
18834 6700
18862 1244
18901 2025
19105 444
19238 6197
19383 144
19396 17559
19419 12095
19453 9998
19460 11354
19517 16010
19584 17499
19670 13481
19967 16575
19983 13441
19984 19874
20122 4584
20134 9443
20235 861
20318 9738
20333 9931
20362 17939
20481 15587
20628 9044
20826 20471
20845 15694
20969 9114
20995 12053
21005 2213
21101 6252
21114 16107
21550 10882
21571 6743
21704 8775
21883 10024
21924 17859
21956 5401
21973 18915
22153 15568
22261 12565
22808 16418
22840 2183
22870 7616
22947 4469
23044 11939
23188 2812
23406 19994
23461 2311
23659 3901
23660 2498
23919 20569
24025 12533
24095 10822
24191 6702
24306 6292
24323 7284
24423 22736
24588 3865
24597 8591
24725 23121
24744 22597
24848 8343
24909 3417
25040 4959
25277 15925
25305 5002
25396 24928
25415 4474
25581 13733
25630 15471
25674 12571
25691 2365
25757 2358
25763 13254
25786 8571
25904 8316
26178 20281
26243 7912
26244 15634
26269 21748
26326 20378
26477 26363
26493 6922
26758 10409
26875 7055
26890 12371
26913 22767
27011 8736
27050 14092
27077 19605
27091 14949
27195 17273
27196 22306
27249 21311
27257 19602
27312 19213
27369 18798
27510 4919
27573 544
27750 5696
27795 15563
27944 9002
28025 27944
28148 13620
28329 18233
28350 28154
28414 27184
28682 13076
28907 18678
29009 22257
29077 18031
29079 24375
29090 20835
29159 7424
29282 16117
29330 25289
29349 26683
29486 2561
29491 12423
29807 10899
29842 22346
29873 7610
30000 12894
30183 28242
30285 347
30289 2307
30308 27642
30512 27730
30536 5818
30665 7599
30678 11980
30698 9716
30793 2057
30811 13591
30899 20741
30906 5850
31196 29843
31271 260
31451 2635
31516 12816
31584 12454
32060 14008
32092 20386
32262 10520
32267 19020
32401 20164
32481 12397
32631 30332
32656 32116
32785 29403
32829 10484
33035 28476
33049 13130
33100 29890
33303 17992
33351 31352
33372 27344
33528 24287
33704 32803
33785 1583
33846 15578
34029 4206
34229 21682
34342 28505
34440 17158
34608 18253
34656 26773
34686 28742
34976 34161
35213 5871
35602 8917
35614 13017
35616 3925
35729 20284
35737 20623
35821 4555
35868 4854
36117 30271
36249 32070
36318 10456
36356 28717
36409 96
36492 23280
36623 20365
36684 16558
36863 36752
36891 731
37015 17679
37138 20450
37288 18221
37353 30981
38022 17953
38115 33487
38190 6799
38216 25524
38441 27333
38751 27985
38963 34459
39012 5927
39115 25407
39190 74
39200 22375
39769 31368
40038 18386
40051 25351
40154 6332
40201 4747
40342 3852
40387 3594
40414 8751
40627 9797
40773 32207
40897 5214
41135 22328
41174 17154
41242 25027
41301 38752
41403 21052
41597 30191
41801 22007
41829 28629
41864 27863
41968 22406
42026 6676
42072 32001
42086 8596
42267 34080
42321 4317
42392 16822
42438 41991
42715 5361
42761 16684
43091 6405
43200 13887
43224 2809
43354 11959
43683 10652
43708 22885
43782 28298
43801 11242
44242 16988
44427 37054
44612 29072
44655 42192
44873 18059
44972 3330
45156 24367
45286 41317
45473 34463
45827 32515
45891 9700
45983 24706
46035 11671
46037 2237
46102 43973
46186 38501
46220 14452
46283 6689
46300 29335
46312 2663
46378 43188
46599 9595
46679 22463
46701 15413
46702 478
46842 46099
46901 45691
46915 14683
46922 4427
46968 6425
47086 1904
47090 937
47164 25300
47214 22926
47282 20417
47410 44941
47426 32256
47453 21630
47571 9774
47862 8738
47924 24725
47955 34108
48091 7441
48119 43508
48124 23726
48477 691
48575 4459
48709 40747
49121 6184
49184 9309
49225 25085
49316 17790
49426 30228
49660 1511
49733 13970
49740 16161
49758 10814
49920 47387
49940 3662
50039 34535
50103 43002
50169 33263
50386 19701
50433 18141
50502 41212
50565 2030
50648 48142
50830 1527
50957 2666
51092 39030
51127 18038
51392 48401
51449 17552
51699 12784
51730 29057
51878 20565
51961 33807
51967 42155
52024 11212
52178 1035
52393 5986
52420 30744
52643 42126
52653 26076
52736 946
52759 27880
52767 30084
52944 42969
52982 48739
53020 27571
53105 47454
53166 11850
53220 34000
53222 48150
53417 15806
53423 15758
53755 10091
53781 43047
53882 48565
53976 22216
54240 38113
54342 49908
54557 27292
54586 7894
54772 17491
54899 6150
55246 27088
55277 28605
55427 2924
55565 39585
55653 12178
55727 26120
55890 4633
55900 34227
55952 12196
56009 1961
56113 4663
56190 5319
56308 47098
56533 5852
56722 39616
56790 41967
56842 53372
56853 10775
57039 42088
57291 531
57353 29279
57435 48858
57666 33320
57740 37077
58031 28076
58033 48703
58300 24658
58394 32429
58465 36496
58538 47377
58556 10791
58620 16650
58622 23328
58707 9802
58904 36218
59004 17401
59032 36331
59056 36531
59106 5051
59112 44826
59127 53266
59149 32752
59181 23361
59585 13518
59589 18687
59592 46799
59605 36776
59613 1952
59831 18733
59886 32558
59981 48847
59994 19602
60003 11917
60006 5628
60018 20112
60080 36280
60201 5353
60216 19581
60434 50460
60505 8981
60622 54631
60626 21778
60675 4913
60753 1391
60756 27673
61001 5995
61140 52947
61185 6918
61270 16813
61564 30469
61823 60107
61862 58954
61895 44403
62005 26321
62014 59637
62118 18259
62240 39219
62583 46514
62754 52432
62887 18572
63059 40645
63080 48201
63231 50094
63349 30365
63458 57418
63479 39524
63526 27234
63800 369
63916 14002
64037 6258
64059 57708
64110 3825
64227 17041
64276 1639
64335 27715
64338 37793
64551 35111
64607 32843
64612 27436
64656 12771
64852 10003
64905 59966
64946 16885
65022 32697
65033 20795
65037 43856
65112 49139
65421 46037
65545 44685
65595 8317
65602 49533
65634 32799
65702 19136
65845 15863
65925 42644
66040 59400
66129 49817
66465 40373
66523 56209
66773 26197
66920 16465
66972 50148
67049 25529
67404 38559
67433 46721
67570 5726
67755 16349
68029 27274
68205 60522
68221 51309
68287 42786
68300 4042
68323 67301
68328 15963
68345 50224
68556 26176
68654 22804
68667 59151
68768 32661
68780 48956
68835 19821
68878 29163
69002 1347
69021 56701
69222 2186
69246 45163
69336 33267
69420 25077
69443 52301
69594 55330
69599 57455
69628 18569
69694 23591
69771 19075
69869 6080
70159 49455
70203 39618
70230 10465
70245 12048
70284 7161
70317 37751
70497 64119
70520 36460
70674 16133
70720 68840
70787 1101
70790 21650
70797 66402
70999 39640
71004 62740
71039 34087
71087 40445
71148 9919
71195 31443
71336 50752
71350 5579
71530 30085
71556 57924
71572 15905
71643 21132
71678 46888
71792 35177
71852 33767
71889 48023
71956 3058
72081 29875
72132 14702
72167 35984
72260 19053
72395 42438
72461 32012
72491 52635
72493 54128
72510 26653
72532 67930
72605 36657
72806 43906
72822 25022
72870 51544
72887 25468
72893 42338
72907 7470
72912 61725
73006 11868
73033 52667
73160 62386
73180 31823
73201 68738
73231 65482
73271 51338
73397 72553
73399 45547
73527 68103
73609 32133
73659 55558
73866 5373
73945 49242
73981 73780
74081 11552
74115 49531
74134 53281
74391 66827
74630 72061
74758 3524
75006 53242
75061 3739
75240 60363
75278 53285
75411 27383
75685 41863
75835 50962
75888 55224
75995 59477
76128 38778
76129 49767
76174 63796
76209 58254
76280 44456
76314 75639
76376 60612
76466 40021
76944 54854
77366 27057
77373 30133
77388 51139
77397 22142
77730 39192
77769 54603
77811 12185
77837 3608
77931 32805
77980 55632
78069 21251
78083 66405
78103 38135
78141 37385
78235 7631
78372 23463
78586 62476
78712 48546
78729 75123
79048 16761
79063 72098
79198 30108
79305 33653
79328 5283
79439 65052
79492 56324
79698 50788
79707 33986
79779 21378
79874 45914
79918 72878
80154 11866
80205 72939
80409 293
80554 9496
80662 43384
80810 11301
80873 1880
80874 38702
80973 13056
81060 73225
81155 51782
81323 63527
81654 23197
81739 50440
81905 55316
81922 50576
82031 30998
82221 79160
82356 71787
82359 1308
82457 66140
82570 74341
82630 39112
82657 72741
82671 33668
82907 50979
83002 76928
83004 41946
83065 1560
83170 44705
83236 6886
83444 32859
83653 10166
83661 22728
83982 64124
84013 11250
84016 47975
84039 49697
84204 51714
84278 38092
84374 79771
84442 1070
84535 68268
84560 5844
84665 55563
85076 45055
85187 51359
85296 13449
85309 84032
85377 22897
85487 27824
85783 40085
85914 67029
85960 71353
86047 57803
86133 5696
86136 54043
86211 8348
86221 58612
86360 5936
86401 80773
86911 38492
87063 68078
87375 61169
87515 60717
87686 1876
87766 29813
87769 26761
87956 14304
88022 71162
88074 40662
88126 38861
88134 74039
88178 19534
88220 53176
88326 60413
88372 30111
88468 7267
88540 84598
88676 14507
88780 24870
88991 85838
88998 17673
89008 37104
89031 65235
89368 88705
89400 56438
89461 41680
89497 9606
89559 54036
89563 79165
89591 24939
89608 24652
89833 87967
89854 264
90031 83141
90305 46980
90314 53772
90499 58979
90738 47699
90853 69861
90965 68774
91014 27572
91165 11666
91198 8577
91212 22437
91218 41202
91538 83566
91741 29056
91796 25262
92222 77558
92234 3530
92283 44431
92319 10945
92342 58404
92344 55237
92475 22656
92596 55676
92602 55421
92728 41372
92855 29257
92908 20888
92965 27828
93108 50062
93118 38537
93163 57154
93215 72711
93331 56258
93392 70097
93581 66027
93660 8658
93669 30900
93678 54205
93706 18947
93795 1007
94059 73131
94116 72870
94155 64986
94464 47932
94466 65269
94852 64779
94912 38829
94936 27732
94983 16682
95028 8527
95154 27179
95328 20412
95464 71587
95488 76147
95575 25091
95685 35367
95860 73494
95896 4437
95934 7544
96310 91578
96329 13922
96334 29019
96340 22523
96440 80260
96462 4248
96527 90631
96570 17577
96664 84343
96860 92330
97022 34849
97058 14241
97072 54536
97217 76435
97263 95255
97464 51099
97702 78048
98029 20321
98080 41267
98121 20834
98212 97321
98255 57313
98265 95822
98396 7703
98418 22788
98629 89042
98718 86953
98782 16922
98801 36269
98926 59359
98950 1405
98980 14501
99100 17370
99153 97199
99167 52100
99208 67949
99380 85010
99413 29432
99451 30739
99559 34288
99603 11061
99747 33049
99927 27836
