690 317
1 1
6 5
7 3
10 9
12 4
14 7
15 5
17 5
18 11
19 4
22 15
23 15
25 24
29 17
30 1
31 15
32 19
33 25
34 26
37 26
38 4
39 20
40 24
42 4
43 24
47 45
49 16
50 38
54 3
55 4
58 14
59 28
68 44
70 20
71 54
73 64
74 45
75 17
76 2
77 41
78 61
79 4
82 25
84 62
87 63
88 25
92 3
95 5
98 97
99 24
101 56
106 78
108 82
109 53
116 10
119 69
121 101
124 105
126 22
127 39
131 35
132 106
136 2
138 115
140 66
146 114
147 79
149 110
155 22
156 107
158 128
159 78
160 123
161 4
163 73
167 111
168 32
173 19
174 106
176 129
181 7
182 36
183 15
186 47
187 82
193 4
196 176
197 112
200 136
202 165
203 191
205 190
207 28
208 34
210 99
211 207
214 36
218 187
219 41
223 64
224 15
226 120
229 45
231 84
237 172
238 13
239 85
241 229
244 67
245 1
247 92
249 67
250 86
251 165
253 110
254 244
255 123
258 63
263 158
270 187
272 225
275 53
276 217
277 44
278 40
279 147
280 231
281 259
284 86
288 35
291 208
293 166
294 206
296 219
297 241
299 201
304 133
305 228
312 21
316 65
322 290
330 91
332 136
334 28
339 18
340 236
341 326
343 171
344 209
346 40
349 192
350 345
351 47
355 30
357 5
361 179
366 282
369 362
370 271
375 238
378 171
381 173
383 177
385 350
389 307
391 240
393 69
394 392
395 62
398 218
399 134
400 27
401 151
403 100
409 350
410 130
412 80
414 285
418 64
420 226
422 269
424 125
426 143
427 5
428 225
432 176
433 230
435 13
437 323
438 298
440 289
442 118
443 262
445 109
447 322
448 73
450 447
452 106
454 187
455 32
459 421
460 434
461 311
463 119
466 326
467 104
468 22
469 228
471 297
472 81
474 323
475 260
478 44
482 307
483 144
486 165
488 477
491 412
496 396
498 169
499 74
502 262
504 210
505 290
506 169
507 467
508 296
509 127
511 81
512 445
514 472
515 101
517 261
518 331
519 316
522 159
524 88
528 430
529 229
533 205
534 439
535 493
536 479
537 286
538 455
539 517
540 437
541 252
542 379
543 381
546 377
547 59
550 232
551 419
553 177
554 152
555 526
559 156
560 403
563 56
569 225
573 195
575 324
579 342
581 73
582 569
583 398
584 63
586 429
591 172
592 209
593 119
596 372
597 191
598 528
603 114
606 126
608 469
611 383
614 82
615 421
616 609
617 543
620 501
623 430
627 223
628 12
631 198
635 485
639 579
641 507
646 405
648 359
652 493
653 193
654 558
656 327
657 594
659 530
660 449
662 529
663 156
667 182
669 374
671 120
672 432
673 151
674 54
675 149
676 177
678 340
682 638
684 483
686 188
687 494
688 615
690 534
