100000 994
80 75
349 222
379 328
394 43
461 161
470 210
620 612
696 174
732 209
880 644
1206 952
1366 1051
1530 611
1635 1456
1754 859
1812 1318
1874 529
1879 502
2044 967
2174 692
2200 1806
2469 2117
2507 1898
2514 1917
2596 1437
2710 413
2727 1210
2808 1487
2944 2802
2966 756
2981 1954
3140 2134
3157 2322
3229 1875
3238 1420
3309 2874
3337 1201
3351 528
3353 2821
3445 3075
3509 210
3561 469
3649 25
3713 2082
3723 841
3877 2162
4138 3822
4385 129
4559 14
4649 3165
4668 1596
4757 1051
4973 1758
5056 5029
5059 4826
5176 2900
5587 4858
5617 2058
5687 1982
5950 3789
6001 1312
6019 2745
6134 1505
6203 4760
6366 1737
6386 1199
6752 5472
6887 2792
6945 4646
7062 2435
7068 2888
7088 1839
7145 5054
7167 5820
7169 6704
7269 2181
7358 2246
7480 6896
7483 7101
7670 1638
7722 1027
7737 5228
7789 3254
8102 3488
8154 3019
8248 7659
8304 7741
8351 5261
8617 5084
8872 3837
8929 8724
8984 3547
8998 6963
9072 520
9083 5951
9098 6243
9371 4240
9386 2077
9508 1875
9513 1185
9580 1756
9625 6974
9892 5389
10019 7527
10077 4240
10080 3435
10210 2034
10270 5777
10483 6908
10561 4344
10583 3000
10694 8285
11036 6419
11117 384
11211 7593
11244 10434
11419 9528
11506 7585
11768 6167
11772 6612
11801 1641
11851 10770
11983 3688
12010 3634
12466 10722
12469 12146
12509 8972
12603 11435
12897 1613
12905 10717
13023 12095
13024 7990
13034 12108
13081 856
13137 6745
13292 8229
13444 4539
13550 10215
13646 7854
13687 5906
13826 2791
13950 5943
14024 7197
14043 2826
14116 6139
14330 7589
14625 9432
14820 6705
14866 13117
15036 9638
15127 3996
15159 8123
15245 14721
15382 13176
15515 2358
15561 4251
15801 13489
15843 10703
16006 15003
16044 634
16112 2953
16169 11734
16601 13078
16681 12457
16753 5073
16815 4276
16982 687
17256 11216
17557 5897
17714 1099
17974 4376
17996 2255
18005 9109
18244 17631
18315 12015
18347 17593
18388 12656
18488 17273
18538 902
18563 2218
18604 13396
18816 11227
18860 7793
18862 10217
18994 14090
19043 5669
19215 6491
19399 7199
19419 15087
19493 3000
19636 11168
19720 12772
19864 1004
20005 3459
20120 8568
20129 6979
20133 15556
20225 8144
20364 10448
20455 14330
20505 13382
20532 3329
20640 2468
20658 17285
20671 19454
20716 1395
20762 9304
20786 5080
20794 5862
20923 13539
20928 9129
21060 12317
21210 15455
21495 7110
21515 12265
21771 20955
21834 5530
21876 1007
21954 11670
22235 11553
22327 18379
22395 5040
22420 19118
22644 5494
22673 4354
22736 723
22775 1559
22908 5255
22967 20807
23195 7026
23263 15282
23493 16211
23545 16493
23667 14565
23754 12204
23897 5988
23948 6078
24022 20226
24139 14231
24203 7388
24211 19821
24251 19188
24267 14768
24318 20681
24515 6579
24537 15738
24788 23809
24883 2761
24890 3662
24919 16322
25049 4285
25295 21000
25380 15572
25383 18126
25446 13531
25526 24298
25819 19644
25829 20826
25858 24109
25911 16347
25986 21501
26001 977
26092 2876
26459 17626
26633 22940
26857 19614
26911 24394
27069 4110
27088 2751
27233 16319
27446 17543
27486 9212
27499 26945
27519 11181
27687 15953
27706 1699
27756 17258
27760 19951
27898 13421
27942 21006
27944 13768
28143 25770
28475 9583
28573 9772
28671 16742
28710 6035
28747 10397
28784 16596
29062 11098
29218 11419
29263 3865
29744 29190
29777 66
29822 28482
29826 26765
30002 25218
30023 24661
30031 14626
30097 10611
30369 16459
30498 20396
30546 241
30585 17707
30707 6939
30745 4058
30776 21195
30969 3830
31060 28059
31145 20276
31168 15782
31172 16431
31208 30938
31236 4993
31324 23633
31426 29067
31501 7360
31540 18573
31712 25724
32153 14381
32164 12868
32371 31186
32568 24014
32744 5953
32761 27923
32858 15746
33001 8405
33204 15222
33392 20728
33523 7145
33572 8712
33625 6505
33650 6506
33706 33570
33771 26771
33885 28412
34096 30504
34308 14396
34348 10925
34354 29866
34595 28831
34775 16717
34817 15002
34819 3967
34829 14035
34972 3404
34994 28908
35063 29774
35095 2617
35120 4890
35169 2356
35290 18842
35325 7023
35543 23748
35644 18814
35653 10331
35751 7055
35898 11416
36167 16336
36345 36164
36348 18617
36368 30085
36449 11385
36496 26020
36786 19732
37162 6212
37227 27319
37288 35493
37312 21138
37465 5698
37902 35253
38024 23242
38031 31794
38075 35366
38156 33652
38185 13532
38528 24571
38530 3467
38644 28019
38663 13848
38736 21932
38886 10603
38904 14322
39008 25921
39009 3002
39380 23479
39633 4752
39831 6122
39869 32124
40194 7300
40203 39128
40225 8965
40516 34164
40605 15395
40655 3337
40719 2561
40867 22090
40870 885
40909 37358
41018 16341
41303 39040
41382 18911
41404 31013
41455 715
41517 16245
41535 29061
41750 28096
41901 36332
42053 21361
42089 14845
42138 37012
42545 4547
42636 28707
42663 14871
42689 35386
42819 23386
42928 5728
42989 26851
43139 30661
43200 8042
43275 43046
43343 40645
43420 41694
43452 5753
43486 32018
43837 13489
43886 31951
43904 39685
43927 12249
43952 42643
44199 39584
44200 16969
44656 43705
44670 24122
44677 13218
44791 3137
44799 44750
44838 12261
45199 1151
45365 27185
45430 36287
45693 6833
45767 42715
45808 8845
45930 39395
45979 20844
45987 45547
46052 19775
46074 39216
46115 34935
46149 11053
46284 17468
46358 10215
46701 27584
46862 22485
46900 31049
47111 34009
47179 9332
47255 37005
47394 38231
47711 3578
47735 40094
47981 3449
48021 19730
48172 28823
48294 11994
48420 21708
48447 24590
48509 25866
48596 2013
48741 19949
48749 174
49183 23189
49232 36326
49345 41112
49424 11334
49798 43321
49979 10439
50059 7224
50184 33689
50282 13021
50419 10284
50431 29915
50518 31641
50674 1551
50951 5923
51092 12154
51151 27742
51168 42091
51246 39544
51393 5621
51399 50812
51429 35666
51443 39246
51551 45015
51705 25255
51843 36016
51981 12142
52044 2745
52084 17175
52127 34545
52284 18519
52455 43444
52538 43770
52582 23146
52797 29824
52836 12717
52846 49021
52874 9068
53051 15923
53134 39134
53177 12791
53441 21485
53459 32164
53545 5843
53613 51507
53682 24727
53932 6606
54078 50433
54398 6246
54425 14954
54529 30384
54533 37685
54593 17815
54667 32867
54822 43223
55080 52025
55120 35205
55149 2787
55215 4140
55314 28818
55382 42112
55456 52808
55483 28505
55600 1674
55631 31825
55740 23740
55870 6850
55872 30512
55912 21277
56176 55736
56229 36599
56486 11964
56677 49625
56686 54259
57053 11755
57219 53464
57223 25446
57281 15513
57410 8117
57488 44863
57740 24996
57780 48654
57958 46699
58102 35168
58147 6027
58179 10321
58256 3567
58322 48095
58323 9852
58396 55772
58487 33176
58572 7580
58586 40334
58712 53517
58718 18490
59130 35577
59265 46288
59423 18869
59460 36544
59510 42182
59726 2640
59855 33493
59974 31342
60003 51479
60027 56581
60236 25987
60243 43325
60283 37991
60307 1693
60308 2732
60326 46241
60409 19129
60435 56735
60555 4937
60612 17041
60764 54022
60956 1657
60990 9326
61093 27607
61249 22853
61291 23478
61421 3026
61424 7426
61428 27131
61573 58089
61816 15001
61868 24375
61898 20324
61938 58732
61992 9331
62030 15791
62431 25711
62521 8638
62620 57646
62750 26023
62910 57887
62954 37425
63004 24695
63170 4439
63186 62694
63355 60081
63454 44722
63461 39647
63528 3103
63729 44675
63777 14179
63786 15613
63812 46271
63970 26605
64057 29463
64089 36597
64109 36559
64235 54421
64302 26541
64444 64192
64482 56047
64599 57436
64711 16130
64729 5504
64873 34986
64876 40434
64884 63661
64908 29602
65136 2536
65320 30712
65513 56890
65654 42674
65665 148
65742 21489
65959 20347
66181 30401
66220 6781
66334 13386
66389 21943
66492 21311
66540 31534
66569 38722
66577 425
66623 62078
66677 61773
67056 40686
67147 46637
67362 776
67421 20364
67616 66476
67675 18860
67775 204
67781 56958
67816 32782
67881 3815
67987 39506
68003 14408
68105 22993
68254 64480
68492 19728
68552 9234
68700 51583
68707 49638
68793 12048
68926 63278
68941 14197
69090 287
69092 18688
69132 50302
69134 3477
69174 56672
69214 66697
69215 24296
69430 1405
69531 53597
69706 3186
69768 26085
69932 68560
69944 13870
69966 13062
70009 17370
70217 52470
70271 37354
70343 32088
70434 65535
70599 57108
70671 17300
70693 51840
70813 15557
71027 19122
71071 30483
71138 21975
71374 17961
71421 30734
71481 54051
71549 13035
71600 61907
71620 53276
71748 50469
71798 18056
71871 11042
71954 43131
72080 60587
72095 4702
72214 47848
72296 15923
72433 65330
72718 65812
72740 45620
72760 14188
72849 32005
72868 52986
72909 35838
73137 41773
73250 27384
73310 42660
73315 14733
73544 44388
73573 25672
73586 9463
73651 35264
73721 51676
73760 19523
73858 69837
73938 57585
74063 67362
74099 72435
74122 71677
74191 47173
74226 6361
74245 31547
74366 7968
74584 30333
74972 61177
75011 26448
75033 67015
75055 73
75082 5719
75083 7281
75107 23443
75182 54783
75226 45373
75300 67663
75347 39703
75351 51295
75352 46428
75374 34985
75400 49803
75603 477
75624 3762
75711 68352
75760 57869
75941 69980
76009 44992
76099 30905
76237 24195
76658 52445
76704 66764
76859 3370
76896 40377
77131 43138
77374 42035
77477 49454
77537 71875
77740 65804
77806 10923
78010 17305
78244 70342
78397 69371
78428 13896
78492 46046
78500 10634
78542 63358
78618 45746
78782 40428
78930 42958
78997 26558
79026 23198
79145 64762
79163 24583
79246 14306
79537 40744
79920 56821
80115 32831
80173 78988
80229 8736
80445 42611
80501 71963
80756 53610
80865 1425
80934 23051
81043 33863
81275 33547
81496 22001
81509 68517
81554 24612
81621 48690
81631 60200
81702 55755
81806 16028
81947 56158
81985 78436
82261 24610
82271 56265
82287 63869
82316 80661
82363 13298
82578 68730
82661 377
82689 21722
83080 5230
83081 64176
83189 67600
83289 44067
83415 29890
83528 40848
83699 48778
83733 3252
84167 60556
84223 10260
84247 43684
84278 16185
84325 37422
84431 36960
84563 13603
84681 39489
84688 64318
84780 10640
84820 27437
84987 63890
85028 51442
85092 38880
85204 81069
85400 11426
85443 37670
85483 59230
85516 59994
85669 83153
85706 35845
85718 22104
85969 54543
86025 81815
86144 29484
86344 10011
86514 50927
86538 49417
86588 78686
86651 64240
86696 66955
86839 766
86869 16558
86896 41545
87009 15677
87011 59951
87036 65244
87246 574
87287 60917
87468 23128
87526 57417
87573 86232
87715 22385
87773 3823
87989 84645
87991 59309
88130 71183
88186 35941
88263 68785
88267 81050
88281 85502
88320 77466
88330 80926
88409 50155
88518 28857
89294 22770
89571 40589
89720 38849
89831 70531
89982 27335
89987 24452
90061 31509
90281 11367
90299 10408
90356 9731
90364 1587
90388 35492
90429 50378
90483 544
90726 33309
90816 19891
90846 87421
90869 60379
90920 64035
91122 75460
91159 17255
91206 25812
91515 31908
91553 10176
92011 35020
92171 63047
92222 17604
92246 64111
92280 6944
92297 65095
92300 75800
92371 66635
92373 1547
92473 53124
92614 14344
92742 11217
92979 50818
93113 27039
93189 57107
93269 10944
93288 59993
93309 42648
93312 55414
93490 37289
93521 45256
93539 51803
93609 61518
93616 40881
93690 70030
93836 82295
93882 85436
93901 15881
93913 54418
94059 76691
94137 17877
94144 66944
94228 56733
94287 35989
94289 41767
94327 88403
94361 67584
94364 58546
94663 78387
94770 88245
94777 19154
94808 53121
94886 26617
94901 35443
94942 18697
95032 44576
95076 75181
95130 35582
95159 85329
95341 10105
95509 36998
95545 26433
95670 21794
95808 68004
95828 19773
96044 27719
96157 57829
96198 26897
96254 9366
96514 84493
96685 64729
96871 86288
96920 74210
97040 37816
97150 52493
97320 6464
97447 42383
97565 54379
97567 71830
97632 4248
97635 85492
97829 11376
98119 29744
98345 85898
98414 59613
98477 89700
98519 84172
98576 16597
98623 54182
98773 6014
98809 57792
98996 86864
99014 27243
99335 82772
99375 25831
99405 7775
99407 36358
99413 96719
99603 28600
99772 87766
99786 50829
99865 76942
