1000 94
11 776
20 434
38 692
49 593
56 199
57 555
63 912
66 64
68 379
69 417
84 280
88 763
91 561
103 441
114 552
120 852
137 651
140 361
147 521
151 853
155 30
177 770
182 198
190 315
191 879
193 586
196 117
208 475
212 605
237 59
243 25
252 881
253 483
266 328
282 754
285 779
294 369
301 92
313 556
314 115
319 512
335 895
339 661
340 24
399 802
408 678
430 174
436 104
450 264
452 605
457 834
475 308
498 666
502 521
512 496
516 209
522 357
524 588
525 5
548 647
571 366
574 170
585 210
586 980
588 244
595 925
607 437
619 333
621 365
636 756
670 701
680 337
689 864
712 922
718 309
723 348
741 797
746 556
751 524
788 368
792 350
803 402
834 137
837 217
841 970
886 94
902 650
904 115
927 930
930 956
938 505
944 15
959 866
969 319
