1000 98
2 917
3 152
29 332
50 12
52 519
56 887
57 868
65 398
67 895
72 851
76 125
80 223
85 373
91 2
97 138
102 504
110 35
128 766
133 947
175 522
182 833
195 715
221 499
225 589
233 36
247 737
258 299
263 403
288 875
293 816
303 894
309 213
311 635
317 77
321 249
330 306
342 82
343 976
363 943
366 921
374 315
378 971
383 950
405 200
406 198
410 957
421 772
435 795
453 807
469 505
479 335
495 11
500 674
524 551
526 866
529 213
534 826
540 638
546 348
555 460
565 73
577 948
591 989
592 510
593 292
602 784
616 973
641 238
644 302
649 714
670 890
681 575
705 528
724 819
742 993
780 764
781 143
791 58
808 708
814 896
819 494
822 162
825 154
832 268
833 793
855 746
857 348
859 873
873 575
875 999
877 841
901 571
902 3
925 665
938 958
985 160
990 341
1000 68
