1000 627
2 67398
4 65427
5 79705
6 52371
9 29995
10 68109
11 36262
12 72477
14 15431
16 78001
20 30544
22 44750
25 60961
26 60089
28 53474
29 84235
30 82710
32 55937
33 80813
34 45500
35 95594
36 55623
39 30203
40 38136
42 22264
43 64834
44 78722
45 23906
47 87132
48 15043
49 93869
50 98346
51 31212
52 74175
53 4610
54 5273
55 23897
56 67893
57 39765
58 27354
59 52988
61 64815
62 50200
65 7671
66 44104
67 34930
68 8709
69 22089
70 76383
71 16219
72 41559
74 54271
75 29613
76 62133
77 32596
78 34304
81 17702
84 30222
85 45823
86 61505
87 51621
88 89148
91 5301
92 7038
94 38788
95 23593
96 21715
97 40382
98 62677
99 58908
100 59750
103 5713
104 38950
106 77161
107 20928
108 25249
110 69717
112 37976
115 17161
116 86000
117 80558
119 47617
121 56938
122 14385
123 73783
124 27818
126 83370
127 19446
128 11812
129 5147
134 87416
135 7333
138 8160
140 73075
141 94556
142 67641
143 37406
145 84038
146 11106
147 22590
149 52041
150 11598
151 62902
152 38233
154 76769
157 20066
159 13231
160 30308
162 74869
163 78098
164 81962
166 94170
167 24147
169 11184
170 29635
171 11800
172 78165
173 99033
174 99138
175 62502
177 26610
178 40446
179 47430
180 88214
182 4299
184 47963
185 34096
188 34969
189 85020
191 81326
192 3871
193 46872
195 14471
196 97155
198 48741
200 22962
201 59109
202 35213
203 81168
204 77645
208 11388
210 955
213 62281
214 91854
215 88965
218 57948
219 97737
221 12003
225 14481
226 34291
227 38894
228 18629
230 82039
232 49736
233 94654
234 55564
235 45678
237 36010
238 30509
239 80207
241 82659
243 17279
244 80805
245 26824
246 53421
247 48278
248 22457
249 27034
250 13796
251 26837
252 92075
253 74709
254 49520
256 84713
258 728
259 56762
260 20160
261 87589
262 49484
270 7965
271 63709
272 42862
274 8668
276 32475
277 41644
278 83747
280 66428
281 20194
282 48236
283 21296
284 91927
285 99847
287 67150
288 7641
290 59014
291 90279
297 12660
299 52120
300 78427
302 61049
303 59512
304 11849
305 8776
306 63824
307 38976
308 67832
309 75984
310 43745
313 71730
314 47815
317 53328
318 54463
322 61452
323 637
326 555
328 6848
329 79064
330 87594
331 45466
333 93272
334 32275
336 91329
338 26596
343 83229
345 3625
346 56517
347 28595
349 3417
350 24185
352 88673
353 94882
355 87756
356 97931
357 77991
358 23336
359 23156
360 90054
361 70361
362 88266
363 80188
367 86619
370 39577
371 40176
372 22488
373 33091
375 63319
380 35460
382 38985
385 73009
386 8433
387 93532
388 21057
389 73969
390 185
391 6065
393 16904
394 94551
396 47033
400 69521
402 92587
403 77123
404 90799
405 70624
406 88828
407 73433
408 17778
409 54354
410 86199
411 46398
412 12103
413 69514
415 16204
416 31411
417 36208
419 51115
422 85409
423 11502
425 71526
427 41198
428 68830
429 43804
430 32027
431 18328
434 96770
436 46585
438 6100
439 660
441 1578
444 281
446 18996
448 71831
449 31793
450 37441
451 73268
452 6434
454 98128
455 4094
457 60740
461 38043
462 25916
463 97772
464 45334
466 44046
469 79529
472 96404
473 95774
476 98344
477 17111
478 61944
485 16210
488 70348
489 80146
490 63628
491 22439
493 99137
495 14044
498 88811
499 22632
500 73891
504 83417
506 98767
509 35800
510 29728
511 95275
512 1891
513 18920
514 68757
516 47500
517 61396
518 71977
520 60572
524 29321
526 69148
527 6263
528 64144
529 38695
531 59459
534 93106
535 83619
536 49018
537 25583
538 82876
539 35406
540 7228
541 88670
542 28632
543 57764
546 32808
547 46589
548 3973
552 16581
553 58926
557 74191
558 11955
559 53051
561 24392
562 32082
564 6713
566 84616
568 40298
569 33919
571 91063
572 99810
573 4845
574 67757
575 53725
578 45985
580 13867
581 48517
584 75588
587 89539
589 67095
590 31608
591 10197
593 43409
594 96659
598 87037
599 59944
601 11298
602 54977
603 16876
605 91386
607 57727
608 70622
610 70174
611 49011
612 36906
613 25829
615 55617
616 38173
617 8171
618 97980
619 34882
620 89957
621 7960
623 32050
624 89170
625 62107
632 52895
633 50239
634 44681
635 8719
636 88655
637 98595
638 62702
639 40415
640 95830
641 78465
642 11445
644 12923
647 35658
649 49895
653 20709
655 66429
658 63477
659 6781
661 80811
662 53025
664 80289
666 36783
667 31041
669 90087
676 96817
677 4699
678 30721
680 94878
681 19271
682 31553
684 7948
686 20514
687 17864
689 73791
691 58375
693 25907
694 6116
697 54365
699 77979
701 17255
702 22494
703 95366
704 68717
705 70025
707 42909
708 13380
712 58225
713 53079
715 16670
716 24490
717 78417
718 65953
719 10866
721 86729
723 88982
724 75184
725 20216
727 86490
728 49911
729 96857
731 46143
733 95017
734 69356
735 81317
736 98560
739 73018
742 15363
744 19238
745 78413
746 36962
749 40944
750 40500
753 2638
754 35552
755 42612
756 34602
758 3733
759 14845
760 27991
764 9013
765 73388
767 2605
768 27851
769 71479
770 99746
771 45945
772 12651
774 15511
775 14669
776 64813
777 19973
778 82987
780 78015
781 34193
782 38230
783 21184
784 40128
785 79740
787 47160
788 48217
790 7323
791 27204
792 84752
796 41769
797 39603
799 82489
800 37773
801 98961
803 58101
804 28762
806 50868
808 89140
810 35741
811 94958
813 98004
814 11132
816 43281
817 43035
818 41023
821 29057
824 76459
825 83764
827 64539
828 28708
829 70431
830 24073
831 72471
836 81691
838 68160
840 51109
841 88596
842 30947
843 88436
844 42259
848 9072
849 3676
851 73870
852 50587
854 89203
857 81520
860 34194
861 32188
862 98334
863 28880
864 93394
868 69746
869 18643
870 1119
872 36000
873 97887
875 55233
876 80431
882 20762
883 91784
884 20792
885 90222
886 68882
888 12323
889 38236
890 31858
891 74573
893 60199
894 42151
897 16841
898 97750
899 59843
900 98604
901 1235
903 15009
905 64966
906 77840
907 47918
908 84075
909 2794
910 64724
912 47043
913 81795
914 40866
915 74058
916 95624
919 41475
920 98816
921 32675
922 69415
923 5830
924 34076
925 14645
926 96043
927 35338
928 78006
930 69979
931 79711
934 33734
935 28349
939 73800
940 68514
944 84025
947 94295
948 91902
950 3586
951 33813
953 85745
954 87565
955 24967
961 46953
962 95251
963 59932
964 28830
965 5781
967 51559
968 99684
969 56599
971 57474
973 54079
975 34994
978 52786
979 30392
980 7269
982 87578
983 64804
987 76036
988 8848
990 17692
992 80116
993 94979
994 18939
996 55071
998 17754
999 77018
