73478 1731
48 42405
71 70754
115 44870
120 56341
123 51710
136 42329
137 43012
180 15528
184 13378
185 33538
199 25827
314 59892
567 72555
571 38924
613 28681
680 41911
843 24670
905 7053
947 25486
951 34043
1008 2873
1016 63527
1051 13344
1064 14312
1150 73039
1152 61213
1187 27488
1206 19641
1310 31493
1321 30818
1351 26534
1353 17156
1397 27439
1414 16923
1431 8946
1460 66535
1543 32818
1674 13903
1680 34997
1796 54698
1842 66949
1845 49113
1912 57474
1956 54443
1962 58940
2022 17692
2040 59336
2073 33901
2100 66812
2152 40376
2282 24284
2347 57949
2356 64892
2432 41457
2487 31025
2492 47795
2497 44808
2639 55350
2642 14122
2652 8524
2787 12927
2801 28781
2814 3501
2826 29509
2843 17920
2882 41562
2942 26780
2961 32058
2996 67230
2998 40655
3015 32203
3050 7263
3059 72915
3090 4448
3167 24205
3168 34253
3169 19229
3177 43812
3207 15678
3210 20612
3224 16749
3225 29599
3245 60015
3255 9745
3265 31305
3291 63212
3371 1641
3383 17879
3387 65811
3408 41232
3416 69229
3524 43753
3525 56707
3541 62813
3723 37789
3736 43843
3786 17875
3889 35528
4016 53571
4089 28232
4118 34284
4223 10217
4242 44599
4250 28361
4263 39551
4282 9990
4290 69035
4295 69581
4347 38502
4381 30279
4501 40561
4577 19387
4599 1635
4612 4224
4636 60154
4670 71613
4755 28129
4790 5710
4908 8267
5178 28384
5377 46051
5411 3759
5465 56325
5516 27878
5588 2833
5678 73369
5757 39679
5798 43854
5937 68316
5966 21645
5981 4542
6015 51712
6045 9530
6142 41864
6167 4160
6181 72183
6199 12230
6279 39062
6298 60263
6309 18424
6323 72707
6343 53411
6346 34257
6382 2074
6390 40970
6393 1906
6515 17530
6572 18841
6577 71055
6582 55064
6646 2067
6714 46022
6720 48545
6723 26064
6732 68752
6812 17466
6832 6094
6903 17398
7009 13140
7018 66231
7121 29442
7176 49016
7204 38526
7234 39207
7250 41940
7344 65019
7388 48120
7417 55913
7452 72021
7475 8141
7513 29109
7514 28895
7519 50540
7576 24062
7581 1230
7598 29322
7685 1571
7691 47870
7725 64368
7797 61944
7923 8560
7931 58776
7981 42772
8042 5330
8060 26702
8087 18549
8229 52254
8315 47633
8354 38107
8457 38879
8506 34561
8544 25989
8553 27565
8566 61845
8665 29626
8694 57656
8807 44243
8830 38669
8831 28618
8846 30011
8924 23115
8931 65342
8937 49257
9023 58458
9036 19951
9092 3921
9100 30694
9105 19284
9156 29594
9207 60921
9214 46960
9245 16092
9252 2810
9277 38610
9278 62113
9300 51982
9309 44845
9397 48548
9443 61304
9466 32301
9468 3101
9520 20935
9570 41352
9578 60849
9597 69608
9710 22697
9723 50492
9730 61158
9743 38378
9784 30194
9822 18014
9834 72358
9880 19443
9891 12746
9907 67388
10033 22351
10034 46961
10058 1744
10076 62110
10080 18851
10096 24544
10118 37200
10171 28994
10187 55517
10203 63420
10226 2599
10296 50451
10354 25719
10390 4154
10449 28916
10485 46519
10512 40155
10567 65458
10591 54153
10624 50364
10630 20351
10643 17499
10693 31643
10695 28251
10719 5049
10744 13047
10790 24130
10814 45095
10841 55614
10911 73004
11013 8038
11046 15283
11050 35254
11056 22762
11063 21242
11172 73305
11186 12529
11194 44065
11205 72885
11208 28627
11227 61649
11267 7349
11279 26064
11282 3084
11304 34342
11309 37636
11312 48040
11352 66231
11355 65586
11422 55308
11473 12430
11508 71829
11544 6024
11589 27770
11629 26921
11648 53562
11734 48211
11736 4611
11740 43235
11903 37640
11954 24994
11979 23932
11981 4855
11995 12760
12008 14808
12057 14577
12062 70249
12187 38302
12351 26001
12416 59310
12464 19339
12468 40412
12470 25116
12588 59085
12600 15595
12686 19183
12744 23778
12769 2349
12807 19101
12863 47655
12934 46237
12951 10860
12987 46440
13082 36992
13093 10591
13096 35808
13131 20980
13165 33011
13177 17009
13187 39553
13202 21968
13236 67154
13337 71328
13339 34962
13344 9420
13367 25328
13386 67583
13410 18553
13442 45275
13501 28347
13582 32979
13584 21367
13598 56488
13600 8757
13628 68845
13629 22203
13632 54079
13637 24212
13658 31977
13683 905
13701 54416
13762 41434
13839 7505
13885 20831
14092 14269
14093 26278
14105 51114
14235 43056
14260 61588
14294 9169
14343 5440
14427 19011
14520 34947
14570 24155
14747 17625
14879 29965
14885 601
15007 4686
15063 34616
15076 13740
15184 46260
15200 48024
15484 40958
15487 71689
15491 25654
15546 19345
15573 55467
15589 18679
15658 41252
15753 2615
15852 24016
15869 27881
15885 36562
15919 6489
16037 463
16048 28308
16058 55408
16090 10766
16207 36990
16253 40825
16337 31063
16340 45526
16391 12312
16416 4915
16526 48142
16531 41783
16599 65808
16630 64302
16645 67556
16685 15105
16716 43774
16798 7351
16846 8809
16875 11576
16955 65153
16998 5327
17025 5819
17053 59747
17089 7569
17129 59705
17181 14200
17186 9612
17201 54156
17258 63763
17267 24761
17352 44038
17410 12771
17449 45821
17504 18091
17515 44785
17523 52649
17559 3533
17657 4261
17666 43999
17684 66944
17749 46510
17831 65681
17838 40995
17866 18238
17871 25290
17897 63620
17925 29636
17929 16704
17945 42883
18042 73369
18139 21887
18143 45056
18156 14939
18178 13587
18179 52243
18184 47357
18215 10865
18226 54934
18229 16403
18339 20757
18345 60095
18389 60046
18427 53119
18450 71
18457 17350
18470 51638
18496 61030
18531 46390
18552 63905
18560 46643
18566 49988
18657 52384
18682 64736
18699 15396
18761 30143
18768 41544
18786 51594
18900 63879
18905 12078
18915 11088
18934 42383
18957 9257
19017 1903
19156 69021
19167 66812
19208 73116
19242 40491
19251 65399
19319 56316
19356 23571
19361 47190
19363 58273
19370 46987
19416 33303
19509 14963
19565 53873
19572 45218
19594 70827
19624 22285
19654 41338
19693 31299
19694 54940
19722 51644
19763 29989
19779 19428
19802 16582
19912 16748
19920 11934
19981 68015
20014 17823
20016 16824
20031 48897
20075 47091
20089 28859
20108 53383
20165 15155
20194 65210
20253 57391
20361 874
20462 33290
20475 1782
20513 3689
20514 13126
20534 19703
20549 3382
20594 12772
20709 72273
20755 51322
20784 15541
20804 17973
20839 40467
20861 40799
20908 20498
20932 52945
20946 37040
20949 31032
20953 56534
20979 46902
21211 23464
21227 942
21266 57143
21325 65869
21425 13748
21447 3285
21523 25718
21545 20196
21592 64724
21656 34829
21764 53741
21781 50823
21910 63470
21988 4157
22002 28745
22063 36341
22072 14561
22244 50168
22295 4063
22385 73286
22389 63455
22426 68600
22452 48720
22485 39702
22497 49345
22498 1471
22505 43222
22592 69118
22623 71220
22686 15359
22695 41136
22795 13041
22820 66663
22916 72110
22953 698
22957 23217
23031 13966
23043 60777
23067 64571
23068 21212
23117 56485
23221 14173
23238 54205
23314 19157
23345 22461
23357 67432
23512 27142
23548 37032
23552 38508
23612 52523
23698 67261
23790 58979
23872 31938
23876 30221
23952 7569
23984 8775
24008 43526
24067 41665
24121 42539
24126 51783
24147 18218
24159 3468
24269 67534
24330 52435
24349 23510
24353 4853
24389 46154
24417 26239
24494 8391
24503 33559
24531 44338
24581 63867
24608 65928
24721 60843
24789 32399
24874 7011
24924 15008
25004 30820
25019 30906
25030 14425
25105 13698
25131 52867
25136 16203
25167 63527
25211 1570
25279 64720
25291 40611
25314 42255
25377 5434
25389 55022
25396 10867
25398 55590
25423 53321
25466 11209
25512 3273
25523 50166
25543 73026
25548 69763
25566 19083
25628 64120
25631 67292
25695 57741
25715 55473
25774 6421
25781 68811
25800 13744
25850 60638
26000 1451
26002 38546
26003 52165
26086 69469
26118 63324
26168 8310
26190 9292
26274 63770
26305 14694
26344 30842
26421 2714
26474 65669
26566 28085
26683 55361
26687 69205
26809 32392
26818 31189
26819 13860
26909 25904
26917 4700
26971 45316
27156 43373
27302 22175
27333 50810
27380 44659
27408 43058
27473 50115
27504 37992
27521 50965
27528 55566
27552 52790
27574 40731
27588 46011
27602 38340
27611 4299
27627 56455
27639 69863
27751 23744
27761 23499
27778 13203
27786 10812
27802 65724
27814 50106
27903 58156
28049 11305
28170 43779
28181 43563
28193 5763
28262 57550
28282 72058
28326 35960
28331 43987
28357 22294
28363 58074
28385 28853
28413 71332
28432 31366
28441 6811
28495 1762
28601 4960
28619 52795
28631 12692
28632 7099
28649 9577
28723 18462
28726 5468
28757 62115
28813 67882
28843 53697
28848 60364
28886 50597
28923 70394
28929 54991
28983 65121
29003 37900
29011 33945
29059 65113
29200 71624
29221 45070
29293 43519
29297 20983
29315 12924
29433 34502
29568 52890
29597 69710
29651 66677
29686 50586
29768 415
29831 60005
29847 12690
29885 70382
29908 27486
29910 11901
30081 9278
30085 67116
30171 27829
30186 36543
30197 30532
30198 37252
30225 19245
30227 20846
30256 5976
30321 68712
30375 66706
30385 45746
30416 21579
30459 17595
30482 59630
30528 5914
30534 20001
30539 51491
30562 46741
30568 7539
30620 39053
30706 13916
30797 56385
30833 54382
30840 46761
30933 72537
30972 20190
30983 36430
30989 36760
31082 50403
31120 29513
31209 60109
31221 65051
31233 27182
31284 1415
31413 53773
31417 54178
31430 72181
31499 748
31506 1316
31605 39111
31677 37534
31687 15421
31730 56613
31735 35170
31786 49335
31900 25767
31951 11435
31995 55689
32003 17402
32011 37560
32060 31749
32154 36142
32190 25896
32202 11844
32268 8714
32289 40859
32307 41105
32326 47344
32334 52252
32359 7462
32390 14804
32391 12508
32399 24387
32468 24867
32773 5325
32813 2532
32886 20680
32993 68768
33010 52717
33035 242
33074 21495
33096 26277
33104 22788
33169 41814
33238 49329
33277 6353
33342 28518
33425 50367
33538 11483
33581 36927
33631 28309
33644 61055
33899 30521
33949 30896
33973 5020
34032 70268
34039 15455
34055 24905
34056 72551
34089 726
34150 56951
34168 11302
34171 18090
34257 694
34310 40070
34351 22062
34370 50123
34414 25515
34466 53534
34470 50669
34639 2684
34665 33490
34760 41036
34852 17014
34874 46373
34951 26398
34963 44188
34981 66367
34986 32447
35001 13388
35026 7615
35036 2147
35142 20572
35145 66591
35180 26772
35186 71272
35192 67318
35196 26913
35287 64414
35308 11715
35383 10310
35393 8643
35449 48124
35480 31706
35552 55656
35553 69038
35589 36649
35625 15096
35629 43829
35642 25719
35673 20264
35712 11151
35720 23053
35728 40084
35794 2851
35888 62976
35925 68750
35971 65847
36020 12510
36052 46851
36074 34769
36075 19687
36084 25733
36144 72354
36175 34760
36182 29045
36208 17942
36246 64710
36274 71992
36318 58502
36322 48431
36479 60532
36517 34846
36524 13938
36581 30942
36671 15360
36680 69959
36725 68123
36769 1580
36838 4567
36886 30878
36894 46511
36925 52669
36981 40310
37020 20214
37135 58387
37199 14211
37295 66062
37422 40208
37485 2503
37625 66287
37724 33254
37760 69460
37789 30278
37817 16795
37965 64945
37979 24439
38076 3431
38099 22345
38111 30689
38128 43148
38203 27188
38209 64623
38420 24917
38502 5278
38564 71940
38603 4658
38638 13666
38702 58240
38732 11366
38743 18097
38770 31225
38789 10290
38795 54597
38835 56562
38855 29801
38863 5764
38881 59827
38929 70200
38966 18747
39028 17808
39066 50321
39115 1285
39126 68895
39139 62903
39167 35000
39191 48513
39197 10372
39212 21533
39290 17187
39312 44250
39470 12466
39538 12446
39547 68962
39584 1702
39593 38342
39602 51411
39623 47601
39651 38552
39652 36067
39654 71009
39673 28819
39720 13721
39727 21070
39921 3941
39955 31943
39966 44703
39970 12726
39981 49347
40028 37908
40142 12236
40158 26470
40206 14350
40275 39270
40336 38442
40358 35219
40370 54628
40412 32351
40460 63542
40520 56183
40527 22056
40592 690
40595 40198
40642 37580
40661 62435
40678 2184
40697 34699
40708 50872
40750 67243
40812 11171
40859 51582
41019 19509
41036 41266
41045 50990
41046 7287
41070 53418
41101 32333
41120 13774
41156 20729
41186 53427
41353 46795
41382 47581
41403 70720
41635 70273
41653 11581
41657 23907
41662 20864
41848 55028
41912 23895
41939 21801
41999 49828
42053 60590
42197 41559
42218 4586
42230 16353
42238 31324
42262 1847
42306 39072
42323 41286
42347 40519
42418 62552
42476 55594
42503 53286
42548 50787
42560 40525
42688 32704
42724 20701
42757 161
42765 39181
42788 38563
42886 35614
42899 73091
42954 33605
42961 59755
42976 3543
43046 26812
43047 34926
43069 73055
43071 70605
43136 64680
43272 23217
43329 51359
43378 19284
43382 5773
43411 42860
43465 50958
43472 44943
43561 63328
43617 2356
43625 48222
43796 37419
43889 39342
43896 67887
43913 50384
43957 29522
43987 25130
43990 65579
44001 33029
44003 48683
44078 53307
44127 12406
44234 7153
44305 33754
44308 7143
44397 43660
44406 56199
44441 372
44457 70114
44494 52122
44641 30242
44758 71319
44763 9403
44851 36270
44929 735
44942 24156
44973 37469
44991 66014
45037 16481
45093 15081
45109 43288
45142 44305
45208 35859
45235 12134
45285 27150
45356 22510
45489 51783
45604 59817
45617 71144
45717 15150
45720 7895
45762 58525
45868 39673
45872 32723
45935 29837
45961 6829
45962 27495
46136 43774
46143 63067
46178 44589
46289 69286
46291 456
46360 10138
46374 2246
46375 15555
46396 48491
46399 47805
46421 62939
46448 12638
46563 38714
46606 70751
46607 18619
46623 67550
46634 64617
46689 63903
46820 21177
46866 61724
46895 49191
47022 28368
47054 67451
47143 19274
47273 6237
47292 13754
47376 3291
47381 16422
47397 38353
47493 20262
47499 13743
47555 49946
47575 52617
47612 57497
47624 16202
47629 27602
47643 38623
47653 21031
47708 35529
47720 63466
47747 8766
47816 66279
47831 11664
47870 62832
47889 65511
47907 13746
47953 72692
48008 4573
48046 21216
48256 63261
48312 66079
48380 22961
48438 7561
48494 30968
48496 54745
48534 20267
48564 65709
48570 46375
48576 13874
48606 66964
48631 18361
48663 9018
48674 63816
48772 19161
48789 26113
48808 5842
48820 66346
48849 66882
48851 56779
48863 29679
48874 14892
48884 20124
48972 61378
48973 49824
48976 70800
49001 25716
49031 47
49039 64941
49076 8818
49109 54925
49113 17691
49118 70904
49121 35942
49149 22123
49164 45977
49174 51346
49187 23790
49248 13935
49336 18960
49426 5981
49476 3423
49511 60155
49600 42070
49643 70347
49679 32122
49718 63080
49799 46364
49911 25042
49924 49499
50067 46940
50068 52822
50130 58911
50163 20776
50178 65417
50185 68467
50267 100
50434 42148
50516 5740
50523 16888
50550 34980
50563 53480
50581 54617
50627 71818
50656 52095
50706 27260
50716 16195
50751 34310
50853 70867
50865 42236
50948 13009
50956 7840
50957 21155
51074 33184
51076 28541
51093 1519
51117 42365
51218 32429
51226 26654
51257 68678
51299 19362
51304 68293
51354 23467
51365 13365
51376 1720
51399 33130
51416 792
51437 44893
51504 28236
51544 65054
51587 47385
51590 18397
51715 29452
51833 32833
51857 6484
51911 66859
51945 16742
51993 66075
52096 41853
52133 54963
52265 24821
52319 41846
52326 18761
52431 16019
52459 15950
52581 17386
52585 17945
52632 27574
52707 18800
52724 73191
52760 17201
52780 21970
52872 80
52895 18544
53016 27930
53182 2550
53259 20765
53298 68938
53319 38338
53321 38179
53362 71302
53389 25328
53496 22133
53499 66375
53514 18677
53551 49211
53587 4692
53621 68778
53685 5462
53701 15163
53724 10899
53748 48094
53753 69569
53805 34366
53809 63996
53842 13362
53878 66598
53914 18564
53936 10850
53964 35748
54000 7714
54021 3681
54030 62120
54068 6656
54156 17141
54160 29478
54255 67578
54364 42218
54427 10614
54440 44002
54454 42200
54530 30088
54546 39539
54551 44472
54613 28011
54645 64284
54691 55356
54751 29577
54760 8736
54861 12207
54871 7287
54930 65708
55033 63077
55038 9865
55103 30338
55128 2635
55198 48627
55256 14818
55317 218
55330 32325
55356 54408
55381 54568
55401 21517
55426 29035
55505 24462
55578 44161
55589 45726
55640 15674
55748 27267
55759 27802
55900 19198
55924 44447
55940 50804
55941 66688
55967 26789
55992 65812
56021 4911
56024 1241
56049 50721
56107 61087
56149 17905
56150 36916
56199 20815
56224 19086
56258 47502
56270 26942
56307 21760
56468 43809
56498 38139
56503 38748
56530 65283
56570 67512
56579 72851
56622 11520
56655 10881
56678 46515
56745 1352
56783 23246
56813 56554
56823 16199
56911 11926
56927 18249
56944 63798
57003 60401
57009 57334
57032 49521
57054 37546
57085 64684
57132 26879
57227 67284
57245 33955
57280 9512
57323 59504
57326 39999
57407 66817
57434 28555
57444 19646
57446 47611
57479 69561
57505 41166
57516 32701
57537 32869
57606 47591
57625 28823
57663 53158
57698 14079
57775 40032
57791 51205
57811 55681
57919 12986
57928 6805
57987 40995
58044 70131
58070 51007
58098 48636
58140 41871
58145 71152
58279 2524
58301 48068
58314 281
58508 57061
58552 62057
58589 63727
58614 18704
58615 59370
58654 66259
58663 39346
58668 61879
58713 62519
58744 5870
58748 69770
58825 41172
58843 45085
58894 53929
58898 8467
58901 10172
58941 11924
58968 54265
59009 13890
59101 53196
59139 55035
59269 18894
59287 39168
59294 40885
59319 69191
59322 67603
59339 14698
59406 2129
59416 69662
59420 8871
59422 36431
59440 68080
59464 58767
59517 68353
59606 29206
59620 18890
59701 41980
59703 26120
59783 7083
59812 43636
59859 19874
59939 45582
59967 67119
59975 34349
60058 68070
60070 33692
60074 40301
60089 56826
60177 27532
60184 15866
60205 59361
60241 17177
60271 49238
60421 26233
60463 72927
60479 3214
60521 17927
60558 49142
60610 15712
60615 26072
60629 12565
60636 1639
60640 19765
60654 64591
60763 17740
60764 23877
60780 34846
60826 44737
60834 26971
60848 65249
60862 21777
60864 29213
61040 42607
61061 70333
61088 1135
61159 16662
61281 49843
61371 1246
61381 43736
61385 54503
61408 5279
61545 60932
61607 14518
61669 56281
61692 47371
61701 47611
61711 16893
61723 28800
61817 34075
61908 37054
61949 63340
61953 64171
62053 30252
62091 43975
62099 8581
62110 51334
62136 6960
62180 2092
62197 54088
62230 37429
62265 32176
62385 51580
62449 62357
62558 30825
62566 44190
62707 50328
62709 39580
62813 70659
62818 61380
62871 41179
62916 52170
62918 43796
62931 4195
62949 25370
63036 52386
63070 71018
63095 3852
63118 31179
63181 65407
63337 50859
63464 39641
63474 258
63655 69228
63663 25637
63723 29251
63750 24936
63813 13214
63947 53047
63985 46896
64015 11842
64091 35256
64094 50451
64123 62672
64180 60697
64371 34619
64432 66758
64467 27586
64495 29002
64539 129
64559 46242
64565 43157
64586 4501
64595 31592
64711 63812
64741 14958
64807 29789
64819 66891
64839 51085
64856 34064
65022 35703
65052 28369
65063 60266
65078 62254
65145 13457
65162 19640
65195 11590
65199 67770
65202 59750
65212 18527
65229 49301
65247 54487
65260 46038
65410 61430
65617 24361
65748 5123
65894 70364
65928 53329
65941 11158
65952 28774
65953 71209
65968 11669
66019 52012
66023 64907
66078 52484
66081 30944
66097 32994
66130 51554
66171 12852
66190 72767
66206 42985
66294 14512
66298 61117
66384 23562
66414 32488
66469 13149
66475 3215
66516 12354
66529 2778
66531 61318
66533 10621
66593 64273
66632 56306
66687 42193
66702 10209
66704 5171
66731 55271
66782 34733
66796 50191
66810 17254
66817 18308
66850 73395
66866 4239
66886 54185
66889 10870
66925 4434
66989 63794
67002 18216
67010 39004
67124 3140
67186 35128
67229 61072
67254 30417
67262 10883
67316 11234
67331 51479
67350 41956
67353 8462
67415 70666
67474 37853
67499 30613
67508 17288
67653 71938
67710 26377
67770 6211
67788 65727
67789 55540
67805 26657
67904 51975
67941 33011
67979 26298
67998 1097
68044 1484
68069 24350
68089 25615
68205 20335
68236 42002
68264 18072
68301 49039
68303 19106
68306 49807
68317 68924
68375 50874
68399 7410
68423 47502
68664 72961
68680 6259
68729 31164
68737 24542
68751 55926
68863 46317
68900 18528
68903 59867
68978 34773
68992 35979
69045 62700
69084 4124
69215 8309
69401 13189
69405 15284
69408 2802
69556 15601
69593 17016
69681 62497
69683 41881
69719 49997
69744 65959
69781 52932
69789 30509
69790 69347
69829 53551
69835 70860
69986 42878
70015 67678
70104 16686
70109 37553
70180 24349
70249 41535
70264 44138
70273 10003
70290 21884
70327 73187
70344 57858
70380 15010
70429 16083
70437 71410
70549 43437
70564 46117
70570 60744
70575 50806
70581 31266
70632 66836
70635 18394
70671 1912
70856 71796
70913 36357
70954 56963
71051 786
71096 55201
71112 16344
71163 35439
71174 11978
71298 21198
71379 28969
71415 52245
71425 54739
71512 8554
71548 8370
71600 5105
71641 26334
71668 54651
71686 11071
71715 11365
71861 3785
71879 19156
71973 56940
71997 67755
72112 53529
72132 22019
72162 9341
72171 12220
72186 41111
72188 18304
72236 63153
72247 71673
72295 52134
72324 27537
72325 67203
72326 69717
72365 52561
72408 52035
72445 58290
72506 64382
72516 15076
72577 29663
72604 31460
72614 31404
72673 31030
72675 12275
72695 60646
72719 69092
72745 26669
72769 48952
72797 29327
72808 64980
72816 60593
72861 50650
72904 23710
72909 37189
72994 11206
73010 48841
73021 32728
73114 37423
73119 11306
73213 59723
73265 34709
73289 52877
73360 18970
