100000 997
86 14642
367 25045
582 76432
628 27959
800 98401
848 76116
929 23506
1366 62348
1536 86687
1556 62344
1847 87455
1907 22426
1956 35390
2138 92366
2227 18974
2276 37481
2358 3099
2367 13259
2386 65222
2456 80670
2478 75392
2543 87215
2553 22721
2734 7343
3135 17997
3206 64016
3265 72783
3859 26302
3941 25754
3968 70196
4039 50525
4082 75360
4368 49485
4376 40973
4450 33135
4457 54382
4459 42598
4510 74703
4584 78304
4612 77787
4768 88643
4790 91118
4915 31655
5022 72993
5131 13863
5214 47948
5224 36742
5301 23682
5351 40317
5405 74091
5455 55042
5460 64653
5528 36442
5688 11946
5738 11474
5900 23468
5907 78269
5961 87545
5975 89887
6195 59716
6278 73588
6290 9102
6504 42962
6791 61866
7123 16930
7224 64072
7291 61009
7545 30767
7584 46376
7585 91928
7688 95973
7719 9006
7911 38505
8061 27956
8165 60795
8211 70861
8377 91234
8834 26908
8841 21158
8953 40678
9157 4257
9246 27705
9288 92199
9405 97389
9524 86156
9533 50447
9702 49040
9710 64080
10030 25179
10051 61333
10059 74479
10193 19005
10238 58255
10321 8510
11001 29133
11027 96619
11140 229
11278 65110
11430 73343
11485 65481
11677 63534
11763 20585
11863 27031
12051 49486
12091 56138
12148 39189
12187 49446
12411 7000
12633 79232
12656 37277
12702 98318
12725 9981
12745 72652
12833 57694
13029 27197
13212 60151
13233 65242
13502 29080
13719 14763
13723 16698
13753 53498
13819 95000
13885 922
13960 28704
14010 52324
14159 59255
14237 54097
14406 89496
14543 61217
14558 24725
14641 86342
14772 63218
14802 96706
14804 50633
14853 92863
14871 69734
15054 64536
15176 3044
15177 81826
15192 53694
15339 66913
15541 51305
15578 72034
15725 56886
15739 28593
16022 72025
16137 23802
16168 88538
16233 20523
16464 90804
16486 25259
16624 27962
16672 97804
16802 51519
16824 75533
16831 70089
16957 71133
17029 99773
17037 59474
17053 95323
17074 72997
17151 52969
17154 47274
17260 28542
17314 22022
17426 41943
17531 69847
17834 44818
17861 79540
17886 85456
17909 1474
17963 99976
17976 68997
18052 16017
18068 47674
18289 92658
18469 88273
18510 85387
18644 92947
18686 21297
18751 91668
18882 92185
19024 82236
19272 5007
19299 50456
19402 42726
19578 58251
19586 16450
19691 46793
20035 45763
20082 61129
20091 13341
20124 74884
20138 79734
20276 46432
20362 33500
20550 9795
20904 90001
21142 94123
21205 55106
21226 21825
21415 18644
21537 41060
21622 13635
21731 77171
21839 30127
21959 43055
22191 48524
22313 54145
22413 2445
22439 82096
22699 17462
22711 50144
23102 34614
23320 48823
23520 54518
23527 12054
23557 6947
23625 18741
23793 20607
23883 51995
23884 17561
24048 67747
24225 43050
24297 36792
24363 68557
24377 11043
24439 41964
24739 94005
24786 15711
24802 58588
24841 76861
25047 24869
25348 77170
25452 8306
25524 13542
25636 80815
25796 96337
25800 80834
26064 8660
26268 57658
26330 61412
26401 37227
26451 31057
26461 34208
26700 49424
26719 59208
26735 5613
26883 56248
26972 7842
26999 46269
27018 16378
27058 52216
27137 25211
27139 88834
27277 53152
27291 34358
27433 80993
27514 7740
27538 75523
27562 99375
27685 82455
27864 73133
27919 15851
27952 68062
28133 1726
28200 69968
28227 80056
28424 90546
28498 81919
28510 56498
28514 37733
28527 60472
28549 61358
28651 31827
29379 20981
29415 15129
29709 2216
29807 89521
29886 98446
30037 17944
30098 55305
30129 9513
30135 87661
30185 88748
30674 36448
30827 24764
30929 21499
30963 53380
31229 79125
31258 43489
31333 37949
31496 22017
31526 87017
31604 33951
31631 71033
31674 37271
31825 46205
31931 72816
32009 89498
32080 67616
32085 88408
32114 38869
32122 17328
32319 21135
32368 30385
32559 39665
32815 59379
32876 39215
32914 88036
33211 38503
33879 97300
34296 83253
34423 86618
34522 59778
34740 38478
34987 53122
35127 46982
35537 47221
35562 46702
35579 74837
35684 60662
35757 57644
36014 94837
36199 25498
36364 70732
36422 59283
36551 20724
36579 27418
36591 87089
36769 33965
36876 45773
37036 34302
37122 70941
37322 25270
37373 5706
37522 64677
37607 63285
37741 16652
37775 34301
37876 54654
38029 96599
38316 5988
38440 30911
38513 96392
38649 64353
38739 99216
38762 64866
38989 22655
39107 4875
39256 80879
39258 48713
39307 68541
39345 54061
39430 81538
39432 93000
39472 75145
39516 72680
39608 29975
39700 95172
39740 39041
39743 76068
39752 4795
39909 15381
39981 39773
39996 91242
40144 27329
40297 57653
40352 29042
40503 14049
40543 35253
40573 81761
40903 98310
40929 41296
40938 97124
40966 59376
40986 84832
41056 32936
41205 46181
41246 69597
41255 94016
41325 65157
41478 76891
41818 70313
41841 17447
41852 47204
41859 62427
41884 93899
42136 47102
42174 39013
42197 79342
42273 43913
42398 13540
42455 39684
42596 8170
42601 24351
42827 8289
43149 67139
43249 60016
43307 12063
43359 40381
43403 78166
43572 33572
43725 50834
43844 82587
43986 29679
44004 26063
44080 48948
44252 82360
44265 65398
44527 90938
44565 76848
44849 89079
44931 37743
44983 93116
45100 37573
45109 71455
45115 38068
45165 90779
45184 7903
45200 21529
45220 19541
45314 92422
45330 99304
45372 30252
45444 95460
45446 34549
45516 9454
45546 95200
45701 25647
45828 72359
45984 55089
46146 71839
46742 40849
46897 45291
46959 5455
47177 53632
47217 84734
47346 81309
47383 32383
47386 92128
47391 60408
47531 33248
47550 23203
47703 79720
47862 88595
47867 2244
47960 43060
48095 77568
48097 12391
48099 21597
48292 65126
48344 72727
48781 33811
48926 85236
48962 64120
49004 16843
49105 71523
49121 11732
49217 23741
49239 82611
49315 309
49323 99917
49547 22641
49588 50472
49625 65903
49670 62818
49946 51811
50080 22352
50206 85168
50249 213
50266 24173
50280 71336
50342 43172
50432 594
50784 50883
50842 33559
50903 69869
51116 41688
51255 33688
51385 55658
51402 10253
51457 76960
51472 75478
51653 69774
51656 26901
51676 71296
51737 23323
51818 87950
51879 95890
51890 80397
51906 22791
52281 75034
52285 54113
52317 47255
52586 7599
52664 43810
52798 31558
52857 37440
53050 75892
53230 27697
53675 19160
53908 86868
53939 68202
54107 94801
54224 63964
54252 31732
54304 97804
54350 12765
54540 91602
54597 51390
54864 61052
54915 9890
55016 93442
55107 91650
55372 18755
55413 92107
55461 2018
55492 65597
55728 33325
55964 91157
55982 25409
56018 20714
56114 8881
56123 98603
56196 12000
56218 32720
56408 20764
56571 95218
56634 77136
56676 92763
56875 18447
56950 19189
56994 21546
57108 73276
57283 11934
57336 99258
57393 62432
57703 40296
57704 40700
57745 22217
57795 64226
57801 41137
57881 46460
58119 28211
58382 42794
58401 84074
58513 45623
58595 63941
58680 60525
58751 14476
58785 44455
58790 64378
58797 40658
58844 46623
58858 98322
58859 23029
58944 3682
59033 25004
59097 88085
59109 45089
59156 69142
59536 75753
59555 21783
59577 21507
59611 8456
59682 90311
59932 474
60046 44791
60137 12263
60157 86411
60163 56539
60200 82571
60217 20518
60281 5667
60319 25644
60410 27984
60428 75786
60496 3599
60705 44733
60749 52757
60807 13147
60900 37452
60914 84496
60963 57569
61184 85430
61218 58515
61228 99885
61251 40633
61329 93852
61333 22031
61355 49759
61487 58115
61625 78676
61671 58743
62051 98078
62065 15318
62123 21876
62190 56584
62194 30349
62242 8848
62267 72666
62339 6291
62360 19146
62415 62664
62453 90759
62568 75301
62611 69236
62631 1749
62709 51970
62725 48107
62858 99857
63025 13504
63130 52966
63197 6858
63254 76837
63267 584
63357 69346
63603 25472
63630 91398
63691 33849
63765 91507
63796 40240
63825 61933
63839 17581
63887 11010
63948 69104
64055 45181
64072 63947
64130 16615
64196 84961
64514 78019
64532 3531
64580 33986
64805 46387
64928 33920
65339 81021
65366 91957
65463 49168
65517 93377
65559 45221
65781 47724
65783 59986
66026 97349
66040 92666
66096 14144
66126 48173
66187 16181
66235 88606
66299 31987
66434 65179
66525 95118
66546 42650
66575 7385
66753 69156
66859 45525
66875 38093
66892 60752
66935 57707
66969 32271
66984 22862
67040 75235
67288 9279
67321 24939
67431 39043
67442 2044
67555 56867
67587 32653
67652 90083
67653 35620
67783 78314
67798 82890
67799 58906
67883 99158
67947 90115
68275 31745
68403 26687
68428 38251
68514 75830
68610 6686
68858 24999
68916 29679
68945 61645
68961 58066
69161 71796
69219 57224
69547 45441
69614 1210
69622 92059
69760 21820
70014 7697
70052 36549
70120 66922
70186 49385
70265 89274
70432 1716
70718 73512
70941 72668
71170 17989
71234 15732
71267 61047
71321 89059
71502 74470
71510 27311
71512 37142
71936 59009
71946 94281
72094 96077
72155 74764
72242 40530
72335 73441
72373 23507
72506 82753
72532 62170
72635 41934
72787 52628
72809 62165
72882 13127
73072 55940
73106 27248
73290 24891
73495 68642
73499 94877
73787 60141
73931 10846
73945 87482
73957 14771
74041 14937
74056 34561
74063 34150
74116 92383
74125 56540
74142 53497
74177 87279
74333 19073
74386 34009
74397 10531
74421 94393
74553 3438
74730 38533
74786 52647
74809 56354
74873 11805
74971 62065
75010 3016
75035 13746
75243 86164
75353 24975
75355 36991
75465 48944
75553 4860
75635 88516
75773 84480
76114 51395
76541 57286
76680 68787
76723 12571
76747 99148
76836 66336
76898 72638
76952 40653
77152 7787
77170 82895
77269 4694
77375 69103
77378 59356
77482 54465
77505 28606
77509 5627
77579 44888
77684 21019
77702 67829
77854 10463
77863 84947
78106 5771
78285 55621
78293 38227
78296 37713
78688 18693
78722 74027
78744 25995
78883 19096
79070 41872
79236 3832
79310 61150
79666 8002
79695 31144
79763 84852
79897 35627
79992 82473
80040 33964
80087 57531
80093 51073
80136 46931
80151 84302
80245 94662
80326 89681
80354 99881
80560 11811
80573 59280
80607 15273
80615 75661
80640 34757
80720 93106
81131 6568
81177 37395
81352 14604
81411 4627
81610 55095
81710 69945
81813 55460
81901 10220
81960 2020
82002 87906
82086 70228
82141 58605
82147 98974
82227 8691
82289 11424
82356 5316
82360 47332
82437 8583
82467 37587
82520 60927
82603 22942
82630 24023
82693 5962
82717 10551
82835 79908
82859 44012
82869 58965
82910 16063
82959 35830
83060 74714
83070 73365
83220 31430
83309 23531
83542 78693
83607 21730
83670 29546
83791 15330
83895 53082
84027 26789
84180 72313
84319 57056
84464 73308
84526 33591
84542 96497
84604 98500
84659 30295
84806 1343
84839 94023
85092 12682
85138 20036
85477 79756
85483 84119
85558 48786
85629 41399
85709 5958
85715 44933
85782 73090
85845 7225
85945 50540
85991 33853
86228 1300
86348 42242
86470 2839
86698 57499
86862 72290
87038 24278
87040 3652
87283 70220
87313 47009
87545 30402
87714 41689
87749 94623
87767 83482
87779 73088
87864 41171
88016 68436
88079 98893
88228 20398
88235 94958
88307 93942
88387 71407
88406 59190
88568 88583
88659 8452
88740 11860
88808 92198
89037 33035
89156 92384
89374 25985
89460 90012
89526 31434
89585 76557
89624 10613
89812 11294
90060 29122
90062 1299
90093 19992
90141 62584
90239 13302
90539 17637
90546 68912
90639 37139
90955 87964
90970 42027
91330 65653
91369 63220
91410 21775
91493 72997
91567 96380
91631 77453
91867 63002
91994 85735
92057 1897
92168 74482
92185 69596
92309 56447
92397 18524
92542 13531
92555 61666
92560 28151
92992 26112
93044 29091
93048 21763
93306 41457
93319 61456
93341 53961
93398 12442
93456 57410
93481 26346
93664 97846
93724 55688
93773 97505
93860 30748
93861 88817
93871 44399
93989 52116
94075 72570
94308 53709
94502 51791
94506 37729
94540 14765
94673 17577
95049 54639
95058 10085
95236 76699
95240 41537
95260 24215
95501 62766
95584 88423
95630 51119
95951 32802
96190 80347
96360 94821
96633 24576
96645 20114
96706 82957
96746 61803
96811 5040
96843 57380
96920 35571
96975 74952
96993 65747
97126 70588
97473 77768
97580 21027
97604 83581
97847 66843
97926 76860
97934 85505
97954 44571
98240 90735
98249 84965
98278 8709
98302 12570
98516 25615
98644 32358
98819 42661
98872 33274
98909 86308
98933 50336
99027 81519
99067 56095
99233 86329
99238 72120
99299 42102
99357 23180
99366 23065
99454 40446
99506 12035
99574 1291
99575 76216
99652 50062
99937 44718
