521 521
1 14265
2 48711
3 8553
4 1214
5 8546
6 55943
7 21497
8 6465
9 73087
10 34981
11 68123
12 58137
13 90380
14 53836
15 37738
16 69302
17 84094
18 40427
19 66351
20 66281
21 37817
22 35160
23 7640
24 15142
25 20436
26 9183
27 29546
28 76845
29 77943
30 45723
31 68244
32 67792
33 35225
34 53848
35 65708
36 41286
37 53662
38 7976
39 54697
40 46177
41 78400
42 56971
43 84778
44 44870
45 7133
46 84038
47 32179
48 10080
49 40606
50 52261
51 79726
52 80771
53 35989
54 75565
55 13173
56 46560
57 33794
58 16592
59 89371
60 60580
61 61750
62 61757
63 23065
64 44942
65 10394
66 41054
67 8287
68 528
69 17890
70 47818
71 32981
72 8875
73 63232
74 59532
75 11136
76 65811
77 4171
78 26198
79 48153
80 46815
81 45474
82 74944
83 68710
84 74723
85 52618
86 31236
87 1704
88 7692
89 22563
90 2843
91 26468
92 59040
93 75918
94 71380
95 8815
96 46065
97 81518
98 44174
99 13213
100 89814
101 54768
102 86660
103 39536
104 58104
105 59403
106 21155
107 742
108 50142
109 17638
110 71392
111 43305
112 48749
113 57314
114 60198
115 56064
116 64322
117 80140
118 65207
119 65827
120 37294
121 17688
122 75587
123 44796
124 53372
125 41069
126 31594
127 27368
128 60027
129 43280
130 41712
131 67734
132 31530
133 83225
134 78587
135 28648
136 18100
137 85980
138 28166
139 78038
140 70523
141 11432
142 43131
143 10639
144 8968
145 32256
146 73258
147 63786
148 67436
149 34611
150 2443
151 37378
152 28643
153 18108
154 76017
155 21252
156 33355
157 23810
158 69336
159 83825
160 32792
161 5006
162 33607
163 44815
164 77291
165 85178
166 39724
167 27654
168 76135
169 10673
170 32512
171 28291
172 63263
173 20209
174 90587
175 29949
176 5876
177 32459
178 59061
179 65240
180 51236
181 31419
182 23873
183 84165
184 45749
185 27247
186 1182
187 39027
188 73844
189 55210
190 40064
191 28477
192 15201
193 56118
194 50945
195 20981
196 32303
197 53425
198 81295
199 56534
200 66710
201 54050
202 64560
203 90275
204 42950
205 50840
206 60638
207 18434
208 7149
209 43993
210 44011
211 47725
212 45970
213 26072
214 83479
215 36782
216 58067
217 90256
218 38351
219 76592
220 76469
221 6947
222 34601
223 320
224 88272
225 16550
226 37923
227 47720
228 55418
229 42610
230 91246
231 90713
232 88504
233 26344
234 75817
235 39709
236 13149
237 23558
238 1707
239 17108
240 80027
241 5830
242 73712
243 31460
244 62244
245 85036
246 26490
247 73744
248 78530
249 48646
250 25635
251 8822
252 75247
253 79483
254 90345
255 72161
256 68033
257 89785
258 27044
259 43176
260 75130
261 59480
262 30341
263 43683
264 69570
265 68947
266 71132
267 2744
268 14431
269 89712
270 48564
271 53021
272 7048
273 5871
274 47162
275 71901
276 49875
277 23171
278 78498
279 53722
280 79990
281 3282
282 19869
283 86031
284 82829
285 14054
286 57539
287 60057
288 50480
289 28917
290 45234
291 34411
292 52357
293 56363
294 51158
295 9225
296 67531
297 20819
298 28044
299 42765
300 16384
301 78488
302 84686
303 37099
304 16700
305 3959
306 37712
307 45700
308 32170
309 24750
310 47681
311 26968
312 40133
313 80110
314 91572
315 53873
316 73918
317 758
318 32758
319 43433
320 69782
321 5079
322 82708
323 57107
324 28171
325 27369
326 57527
327 91483
328 61297
329 47904
330 28292
331 85503
332 64094
333 30486
334 65083
335 52287
336 39763
337 62789
338 9775
339 29368
340 55122
341 78032
342 38911
343 40658
344 53077
345 38543
346 60782
347 13341
348 25647
349 62251
350 37365
351 62727
352 42654
353 80169
354 28559
355 56807
356 82500
357 13997
358 52426
359 40729
360 72326
361 89649
362 50114
363 7306
364 39219
365 85387
366 32230
367 39964
368 23623
369 84223
370 69356
371 58544
372 37006
373 64705
374 66727
375 7173
376 15553
377 81201
378 31891
379 51586
380 77568
381 79997
382 48406
383 9500
384 62092
385 28864
386 80863
387 9415
388 20434
389 16260
390 7344
391 55834
392 24595
393 77983
394 31442
395 69617
396 64006
397 89690
398 5815
399 24596
400 6433
401 65504
402 62589
403 3057
404 84276
405 35692
406 5016
407 80264
408 28249
409 57044
410 6034
411 76503
412 48613
413 39646
414 85437
415 63103
416 13319
417 68232
418 69392
419 43617
420 2481
421 76615
422 80541
423 81990
424 17848
425 63139
426 24022
427 71242
428 67953
429 62281
430 88837
431 62943
432 21544
433 11369
434 7723
435 81056
436 61367
437 38590
438 44634
439 13774
440 37174
441 28682
442 13025
443 55719
444 59929
445 31370
446 34469
447 74208
448 10728
449 15016
450 12804
451 69669
452 36507
453 38615
454 69473
455 35126
456 9091
457 18185
458 24460
459 79523
460 9339
461 23713
462 34716
463 68654
464 29032
465 10028
466 73934
467 72007
468 73528
469 1948
470 18688
471 48240
472 56268
473 73531
474 83060
475 79053
476 3146
477 44280
478 54529
479 45249
480 63255
481 76940
482 58242
483 21065
484 39335
485 49580
486 42677
487 35364
488 33930
489 16770
490 10713
491 73836
492 85195
493 78002
494 19624
495 55908
496 34769
497 57688
498 47797
499 80248
500 84801
501 53475
502 44842
503 44269
504 66578
505 61112
506 15920
507 34080
508 13508
509 71795
510 56288
511 54312
512 87222
513 59269
514 48222
515 9139
516 40362
517 31950
518 82832
519 56814
520 7619
521 50008
