100000 996
88 90029
90 27053
105 52388
144 45172
166 6988
176 55865
293 11643
402 81830
446 68108
694 52028
737 2428
787 13962
835 96153
847 39014
919 84450
937 31240
942 2675
972 55811
985 76193
1135 13619
1149 70918
1168 95950
1303 87579
1527 4611
1828 58976
2032 73412
2064 6873
2109 81185
2199 52991
2239 49574
2313 1864
2341 44308
2347 32626
2383 88788
2553 39605
2571 26864
2803 89668
2841 74074
2924 74042
3108 30953
3133 7244
3182 45871
3233 85287
3252 80195
3435 15490
3510 60525
3737 41588
3752 48506
3943 26681
4060 36600
4177 74019
4458 32060
4549 73600
4759 97784
4816 21347
4833 2270
4992 76416
5073 33741
5188 39669
5192 16814
5348 97227
5436 85136
5636 42000
5792 10039
5805 73089
5878 57927
6056 68069
6136 49820
6174 93110
6470 84823
6532 42301
6629 69377
6797 8010
6836 15985
6890 54225
7052 45723
7212 86533
7261 51863
7360 24241
7381 14640
7397 62491
7429 70774
7549 50474
7746 70274
7758 97498
7862 17822
7952 77291
8112 62048
8320 19132
8490 84885
8513 26985
8521 26687
8646 92537
8677 53535
8704 10672
8776 5618
8876 63842
8889 86543
8965 620
9040 60070
9174 92278
9189 73652
9353 44406
9358 68936
9464 46011
9512 89886
9523 42372
9576 11681
9625 72883
9840 41206
9877 77326
10321 98393
10509 57772
10546 64029
10632 78916
10805 1258
10871 41612
10873 99253
10957 31793
11029 39509
11182 10448
11243 27382
11472 90697
11571 9757
11597 58053
11701 80079
12006 87844
12020 11192
12083 90055
12172 63724
12264 67689
12305 89312
12361 50137
12380 28022
12488 44764
12700 47125
12765 31048
12773 13121
12787 10396
12796 49087
12839 38043
12923 21700
12927 67099
12967 51706
13081 77243
13086 9225
13216 18268
13282 41274
13332 23610
13610 7572
13628 85353
13742 51815
13919 37743
14057 34501
14450 45840
14465 54441
14795 36149
14989 87404
15012 45451
15350 51730
15370 25920
15577 3132
15928 31400
16088 37709
16440 34596
16457 2181
16467 96
16573 3905
16580 25949
16609 15576
16757 65681
16810 52223
16904 20942
16966 2241
17153 19105
17177 49403
17205 5701
17238 56466
17239 33636
17269 59898
17300 27000
17492 40752
17517 81960
17587 66190
17589 36458
17594 11977
17773 38227
17811 70182
17812 35532
17904 78498
17984 49733
18073 36427
18143 74011
18503 65912
18509 10052
18682 78887
18860 1223
18897 15165
18918 42669
19063 70320
19082 38665
19118 8259
19155 76851
19284 32607
19343 33036
19572 83429
19592 60089
19625 5285
19801 79348
19810 80370
19818 42019
19821 80257
19828 77370
19830 2995
19955 1807
19992 25426
20060 30232
20100 59294
20180 80996
20190 23000
20197 63127
20450 18191
20486 26717
20489 27179
20699 75398
20812 8721
20990 98574
21118 15152
21129 33165
21132 90212
21234 48503
21480 17760
21617 6213
21629 3461
21680 87301
21689 87504
21730 59430
21784 79025
21817 16526
21835 47570
21873 26754
21904 18256
21914 66436
21928 47802
22002 28898
22099 72238
22117 39793
22251 75905
22391 33088
22393 63559
22442 89241
22546 5075
22547 10957
22815 42214
22963 76396
23215 74591
23249 81533
23275 79818
23374 34822
23608 68610
23620 8815
23696 98262
24422 42630
24486 89949
24523 12244
24524 36888
24872 82868
25040 3199
25057 88410
25117 41870
25251 90204
25278 50596
25330 9956
25332 7637
25420 87514
25534 84683
25627 30235
25777 60195
25801 57479
26205 39706
26583 72373
26926 60318
27080 57410
27140 91444
27179 68975
27209 33470
27214 35935
27405 87926
27644 95994
27725 41175
27875 43001
27963 2708
28144 62745
28146 33716
28254 29606
28356 76031
28400 80591
28446 25930
28873 76341
29006 7273
29016 29418
29333 31028
29363 22308
29457 2631
29561 44701
29782 4722
29876 15178
29916 314
29971 33728
30015 37303
30055 53949
30056 20847
30221 30505
30279 28160
30299 9677
30687 74130
30815 28728
30899 77729
30935 95604
31115 50869
31118 34223
31218 77237
31345 8849
31459 48365
31577 76318
31589 80304
31612 23183
31738 59638
31764 35551
31846 34768
31864 93137
31937 84930
32012 79082
32131 14258
32216 6588
32365 7608
32382 97047
32453 75679
32485 48955
32516 99942
32605 87675
32694 99903
32880 14748
33157 28751
33397 7360
33459 557
33481 8482
33524 42929
33620 86160
33654 7094
33796 85281
34045 72774
34059 69387
34128 48736
34302 97603
34432 27281
34440 11336
34483 79272
34607 90056
34679 17108
35187 8260
35374 77075
35557 2431
35695 60725
35741 12988
35880 40349
36018 63885
36103 88885
36193 10773
36377 77694
36398 76362
36494 40398
36506 38939
36580 25589
36591 43552
36616 43205
36642 93427
36655 9262
36751 79963
37025 93768
37041 30523
37129 91553
37210 60236
37280 74848
37439 21083
37554 40272
37833 73311
37845 82320
38109 70524
38222 92918
38271 15380
38354 99351
38381 67144
38705 42798
38706 7986
39031 22602
39070 13858
39437 27342
39481 37495
39623 82679
39674 17372
39796 89159
39906 15175
39930 80345
39980 51379
40155 70304
40175 5561
40293 50671
40339 786
40509 46629
40515 94422
40559 15856
40691 17481
40746 8703
40813 60529
40852 66589
40879 48254
40957 76494
40980 95706
41001 71394
41305 76826
41598 31882
41651 5933
41653 63910
41754 25365
41839 44336
41895 33601
41994 87914
42200 15407
42216 71720
42244 55235
42293 90165
42393 22978
42519 22721
42569 90777
42772 27389
42901 75236
42994 21335
43155 3125
43171 87340
43327 38925
43672 25083
43720 93930
43871 29703
43984 85939
44322 43535
44433 13517
44525 84106
44583 46421
44627 21508
44724 76136
44795 96674
44835 54158
44851 32716
44896 4863
44970 56636
45116 89222
45156 25311
45252 96094
45344 31333
45352 80963
45459 81110
45501 8931
45506 7225
45567 50700
45568 66945
45609 3450
45794 54236
45924 734
46038 45356
46071 42548
46174 84600
46447 33031
46563 86949
46746 25041
46790 27122
46839 47383
46875 90450
47026 63414
47134 25052
47336 91445
47370 33583
47424 4539
47483 26755
47494 82476
47554 53837
47776 94255
47855 82281
47883 96740
47918 91277
47951 18700
47987 3449
48124 45281
48162 65029
48164 64179
48481 17507
48629 46764
48631 2142
48681 22710
48751 24370
48838 78579
49267 48135
49278 3063
49550 91408
49598 98268
49627 45826
49672 2073
49861 66542
49880 3022
49904 93578
50024 24307
50050 47408
50137 72181
50389 22469
50455 44087
50658 55390
50748 59023
50774 95995
50828 30352
50905 20414
50949 77228
51022 70826
51195 81172
51339 86775
51461 63861
51603 88571
51643 95035
51891 35411
52108 86361
52180 15816
52455 57994
52536 62474
52728 15868
52774 75237
53013 61493
53180 35809
53265 17805
53300 42209
53371 52409
53452 59371
53480 11114
53629 97465
53654 26191
53661 66967
53752 87074
53802 47715
53866 16012
54033 37754
54189 84899
54295 58330
54341 95740
54542 88151
54665 647
54746 97827
54857 37098
54894 75479
55021 77017
55061 46520
55090 81710
55159 59756
55386 8733
55735 58750
55799 37401
55815 12460
56056 73581
56241 88677
56581 13665
56598 83734
56614 88561
56641 52745
56716 1560
56730 37948
56786 17372
56795 96269
56832 80269
56834 27484
56880 31148
56984 57334
57184 53324
57234 5586
57593 74943
57677 71094
57689 40194
57707 78687
57898 79328
57942 97473
58012 65285
58094 29145
58574 6473
58773 48809
58916 17634
59141 42390
59149 17224
59313 11518
59433 33016
59676 96247
59687 98249
59688 45305
59714 87047
59923 48614
59924 17539
60027 18997
60073 50726
60074 56057
60274 84774
60285 32017
60293 31477
60441 6243
60637 11997
61016 20568
61040 82231
61418 98170
61419 38273
61493 81900
61534 18565
61556 21141
61776 3136
61779 26501
61823 13083
61951 20008
62108 97673
62111 28878
62151 39806
62226 1525
62291 86966
62491 97723
62528 81135
62561 22727
62728 85181
62746 99635
62763 44327
62945 6961
62950 6582
63009 98919
63015 43730
63100 19013
63112 35662
63258 23844
63487 43680
63529 20225
63556 98226
63636 84032
63727 41297
63763 64550
63846 72007
63968 35941
64089 97620
64140 86745
64156 76918
64294 32323
64325 25444
64330 39408
64567 50326
64922 41334
65080 89950
65202 47014
65365 39101
65372 97970
65394 18947
65555 8065
65581 79878
65689 91412
65698 5177
65706 3089
65786 32808
65835 70481
66223 70739
66396 23991
66443 46588
66533 48206
66767 34295
66818 90924
67049 73997
67227 44069
67507 65632
67568 51970
67613 24560
67637 55248
67641 27471
67735 560
67762 89467
67912 71461
68107 49669
68121 48333
68321 78646
68332 89826
68393 10729
68500 94170
68635 51823
68681 73982
68690 89681
69008 47046
69177 41685
69202 19148
69276 13166
69307 75013
69498 64656
69669 86967
69714 26251
69856 79175
69959 88919
69960 16318
69970 53832
69993 35162
70151 81821
70160 69747
70208 50014
70256 88704
70296 84083
70305 43013
70311 78390
70345 14419
70416 52596
70441 79947
70516 60730
70688 54648
71029 12388
71262 25136
71406 48173
71557 62808
71584 26946
71734 97438
71895 25813
71930 7121
72041 18603
72129 54995
72197 35843
72493 89099
72512 32053
72647 43962
72649 24735
72730 21456
72785 36513
72802 60653
72991 25489
73062 75383
73186 70102
73274 74920
73275 1177
73289 76317
73315 45801
73333 55680
73353 14519
73381 69778
73533 87385
73537 97724
73613 26126
73713 87681
73739 30310
73754 85722
74196 82150
74334 29866
74356 27079
74675 39509
74967 70825
75071 21359
75210 10375
75340 97893
75350 9048
75552 60184
75620 88583
75775 45341
75779 65616
76022 70845
76127 56230
76305 31297
76340 4489
76414 89077
76647 62765
76680 14493
76890 65829
76906 46858
76954 18721
77029 23947
77074 19804
77127 93229
77348 91834
77508 86449
77684 41471
77799 5185
77887 82734
77965 15875
78011 74128
78149 84790
78185 62071
78311 91202
78371 90042
78413 60832
78453 63793
78510 59274
78542 90367
78605 59117
78760 32349
78896 91345
78946 26020
78948 35984
78993 75756
79015 72113
79054 8612
79193 10881
79454 44693
79505 89521
79631 90540
79644 18379
79757 83025
79801 55859
79925 53959
79937 14033
79995 9297
80432 74220
80489 5324
80558 18404
80571 38471
80635 45067
80644 86576
80719 34966
80839 34520
80903 81718
80994 100
81375 64345
81535 75086
81576 90953
81752 48833
81765 11904
82016 68481
82099 97724
82145 86475
82159 2099
82266 53219
82339 19921
82418 93729
82625 39745
82956 61442
82967 9663
82975 36299
83153 58935
83243 90056
83400 61772
83402 97337
83613 15416
83661 18257
83763 5173
84016 17050
84180 23139
84463 67904
84573 87897
84648 27628
84729 52364
84939 86339
84941 25806
85023 16080
85164 23669
85373 82752
85374 25486
85430 71792
85450 97213
85550 74484
85612 14065
85640 45898
85663 99736
85665 15755
85670 2512
85677 89926
85689 70674
85872 27786
85932 33477
86038 84845
86653 24723
86666 92756
86754 62240
87182 1763
87320 83759
87348 45385
87406 8031
87473 71036
87899 55112
88126 72965
88162 66871
88210 54978
88329 81401
88378 18292
88396 44795
88428 51850
88493 74542
88580 56606
88644 90649
88872 73468
88898 14066
88959 81908
89086 72640
89104 46085
89290 11747
89477 80566
89546 48688
89567 32888
89592 41104
89644 32294
89870 38447
89976 26879
90071 96572
90249 83380
90268 33192
90441 53146
90465 71243
90502 2966
90584 56872
90596 17612
90672 69919
90752 4115
90831 62454
90841 77869
90913 45817
91006 87159
91054 29019
91056 9718
91142 67744
91343 21926
91460 85721
91463 60838
91469 41924
91517 16307
91764 2355
92234 43274
92363 55623
92394 71254
92564 80672
92745 46413
92936 44379
93077 43
93115 65723
93134 98696
93179 95863
93312 8002
93454 58888
93493 22964
93496 51598
93673 26255
93705 70653
93891 2109
93916 73657
93993 98629
93994 82548
94014 76263
94116 100000
94195 70409
94235 67402
94368 76324
94628 28532
94642 16555
94692 42934
94772 17109
94779 40309
94889 9375
94919 45910
95171 86814
95330 1492
95396 56812
95405 27851
95451 586
95523 97007
95537 5930
96003 55369
96356 36993
96562 10537
96566 9462
96732 42585
96818 5118
96934 37712
97016 83658
97029 43157
97109 45450
97305 12370
97340 33187
97470 92810
97902 53688
97938 39730
98071 44062
98076 59626
98233 87931
98355 33643
98405 210
98441 2861
98525 63610
98557 32086
98649 50725
98991 44289
99084 42084
99170 84880
99264 65600
99289 15380
99527 25280
99589 85859
99606 53392
99639 31002
99780 14309
99868 42394
