67466 3688
6 42112
19 46678
42 53952
53 67120
55 93341
61 35144
71 23498
85 94253
86 64332
105 29524
124 38832
127 69332
143 9122
159 4628
166 58008
167 88083
176 93637
188 86232
193 90167
207 34789
231 54676
232 10489
250 83250
261 54028
262 75866
270 54176
286 57679
306 46306
326 35221
327 5522
339 71847
342 53368
351 52921
364 69589
366 23329
374 74025
384 63887
413 7261
414 29502
447 57218
448 1834
479 74973
491 76405
505 51974
507 12684
513 20021
568 26030
569 37670
571 63403
595 73540
599 28926
628 20479
661 24619
662 75041
667 65383
677 65305
681 13594
685 34508
726 23908
739 44305
743 54868
758 57193
759 27388
761 51098
780 33472
787 35823
812 25078
817 8339
836 65924
844 32952
885 11234
888 69911
889 83807
905 70731
958 67234
967 11079
968 75336
981 45027
993 79650
995 71202
998 78037
1005 56353
1010 16121
1023 94668
1047 15038
1056 70105
1060 94549
1082 12203
1093 48454
1107 36518
1108 20790
1113 76220
1121 91213
1125 79691
1133 58015
1138 50160
1158 3455
1159 53109
1182 54090
1201 69084
1208 89853
1250 83201
1258 31375
1271 22672
1301 78811
1353 35128
1361 90314
1375 36019
1449 9156
1490 25344
1496 46148
1497 1459
1505 79893
1546 74055
1596 36153
1629 58551
1644 85692
1668 67562
1676 929
1683 87013
1689 31426
1692 67339
1693 16314
1697 83331
1699 14746
1704 8499
1707 47299
1720 47821
1765 87142
1789 17024
1813 20496
1826 63622
1864 7861
1897 60795
1908 86488
1932 46892
1959 14899
2012 70526
2025 83959
2026 15721
2041 52756
2049 68284
2054 78994
2058 92050
2073 14961
2114 43775
2146 42463
2147 18044
2151 37149
2166 53591
2178 50637
2196 57230
2210 93725
2220 7322
2229 80023
2245 13627
2262 44300
2289 69261
2293 24345
2295 37525
2310 32739
2343 39657
2351 38981
2425 62125
2457 92396
2493 88270
2498 40251
2514 25087
2524 58756
2555 8826
2568 55614
2610 50382
2629 12434
2631 55242
2648 18300
2651 7860
2685 26189
2703 93255
2778 14095
2785 6969
2792 20966
2796 75724
2848 78639
2871 83796
2872 11818
2893 93936
2906 56290
2909 5181
2921 81045
2932 75793
2935 8981
2958 20883
2981 80015
3028 66977
3057 29520
3084 64552
3132 75201
3146 66605
3148 19780
3171 47787
3175 72072
3220 126
3221 57370
3231 59778
3232 15602
3241 65239
3246 71291
3264 43688
3299 85989
3300 62686
3322 88726
3331 59781
3335 39641
3362 23794
3377 31215
3442 41290
3479 22849
3508 91111
3510 5626
3521 28456
3535 65343
3551 2976
3589 32298
3590 29245
3601 56057
3612 61886
3634 75604
3657 33873
3667 9163
3680 44548
3691 65380
3707 80991
3719 70213
3727 75365
3734 13305
3770 69331
3796 51283
3800 62813
3808 74928
3813 68633
3834 79962
3859 50751
3883 82140
3888 28597
3908 831
3950 80299
4026 48724
4034 49662
4081 20391
4092 82965
4099 62993
4113 7753
4118 66973
4120 29041
4200 73606
4204 90417
4245 82760
4306 76091
4308 65916
4325 3003
4354 58365
4419 53373
4425 48042
4431 29244
4446 92964
4448 32402
4493 71629
4512 28493
4517 14375
4532 8968
4603 96142
4607 91007
4608 56379
4616 40623
4631 88937
4633 93588
4651 79491
4662 14620
4673 89024
4684 46695
4694 49451
4696 15949
4706 64588
4714 49161
4716 89429
4744 93108
4754 56474
4766 36470
4772 58259
4779 73300
4786 58222
4793 63489
4830 56507
4839 51697
4855 18163
4876 21487
4878 907
4881 71236
4887 78928
4896 25714
4921 72907
4923 77635
4928 51925
4930 31320
4935 35546
4940 30133
4946 20444
4950 4174
4960 59940
4972 59694
4982 59962
5004 37350
5014 20906
5022 6165
5023 72748
5044 78055
5045 40342
5056 12908
5064 11700
5077 74165
5081 60867
5086 25449
5091 96129
5097 46109
5118 92041
5126 51225
5135 32796
5145 73359
5152 23772
5157 36029
5162 87815
5217 63344
5234 41435
5288 34383
5373 94379
5382 81668
5383 53951
5399 37024
5407 75793
5412 86442
5446 26523
5458 39285
5473 32924
5499 56738
5502 53365
5511 45896
5523 86450
5532 2026
5562 66790
5584 39105
5598 74757
5615 72822
5623 83724
5626 18379
5631 92462
5653 92343
5691 77865
5733 93182
5749 49512
5760 23626
5775 51899
5786 26407
5792 47632
5807 67955
5857 44
5873 74301
5875 30880
5895 36019
5912 15192
5921 16035
5932 83886
5947 42245
5953 62560
5960 74873
5984 20913
6039 55170
6049 88367
6082 28820
6089 59355
6133 82113
6134 9054
6173 1271
6183 23750
6191 85109
6214 72146
6256 96690
6263 17721
6277 56229
6399 40851
6406 3205
6426 29968
6427 22236
6430 31934
6447 8250
6478 73009
6480 94807
6482 70473
6505 76123
6507 27992
6517 96180
6534 56076
6574 56860
6644 77096
6678 90813
6689 16428
6719 92816
6733 33773
6763 12575
6777 96764
6790 76330
6799 24364
6811 58455
6816 39819
6830 13003
6842 73004
6845 88646
6861 80098
6877 59310
6893 16184
6926 15820
6927 79198
6934 5797
6988 30186
6999 37142
7002 34589
7009 86222
7080 33454
7090 7464
7119 620
7121 15140
7144 27439
7145 95469
7157 51015
7175 22501
7202 33858
7220 42918
7253 53674
7294 58356
7325 45037
7337 14753
7358 79810
7370 77557
7403 37909
7412 7840
7419 71103
7420 15098
7424 7452
7425 41079
7445 4821
7483 52158
7488 39085
7510 66971
7527 12678
7549 78186
7566 6041
7567 47810
7602 53
7621 39767
7650 78931
7681 33836
7716 22226
7773 12948
7793 18297
7818 72142
7826 60550
7840 73150
7869 79037
7876 40899
7886 46237
7891 61144
7893 36960
7910 38155
7911 89411
7917 13753
7926 35348
7935 28148
7959 95406
8003 39425
8017 68129
8032 65281
8055 38288
8066 6104
8097 3173
8101 6506
8122 2408
8126 96524
8208 8100
8231 19634
8245 35603
8288 4341
8314 71572
8333 11206
8334 86965
8345 10595
8351 45450
8352 4523
8443 46332
8477 89567
8486 85529
8493 82947
8502 76478
8523 65439
8572 4355
8580 25855
8586 9275
8595 71400
8597 28447
8640 91697
8650 19554
8661 73593
8709 58874
8719 25993
8736 66277
8745 61155
8772 60973
8796 87947
8800 2340
8811 54070
8817 11045
8820 43226
8866 65301
8868 53058
8882 23320
8887 58070
8906 70268
8910 73218
8928 77521
8950 73573
8953 4270
8955 93159
8988 23088
8997 32146
9042 94692
9060 62671
9118 36680
9130 86689
9133 12903
9144 5930
9154 37084
9157 88000
9159 93825
9163 73181
9206 29594
9207 76853
9216 59636
9217 43527
9228 80171
9234 64074
9236 81350
9241 386
9289 28254
9298 46781
9301 32873
9326 10756
9330 36621
9344 95242
9398 81546
9400 18186
9420 77126
9469 17125
9471 44314
9476 52502
9495 13196
9502 85772
9549 90849
9550 19009
9566 7304
9587 25040
9591 46343
9600 46501
9605 39318
9655 16961
9660 67436
9665 34023
9672 35016
9682 94760
9700 8293
9708 47531
9717 57470
9752 29141
9759 46619
9782 21297
9808 61751
9841 93612
9844 63994
9860 9221
9871 71787
9875 35718
9883 35882
9935 44417
9937 79635
10044 25826
10052 47572
10055 64042
10059 6018
10068 46429
10154 64811
10162 33411
10171 11639
10180 75436
10188 63803
10241 81607
10258 69758
10260 36900
10275 67436
10303 58623
10306 57763
10353 75217
10377 53100
10422 72400
10436 15517
10438 17931
10479 13489
10494 29265
10504 20017
10509 37257
10513 90620
10555 15468
10573 3758
10576 51499
10577 73427
10598 4877
10602 41514
10603 21250
10607 84876
10638 48442
10642 28624
10668 62537
10704 48453
10708 41073
10745 6801
10747 31039
10750 25269
10767 63292
10787 94710
10805 10328
10811 8401
10812 62363
10817 72828
10841 89081
10852 21481
10861 41423
10862 14143
10875 52514
10970 14229
11006 38502
11011 29177
11062 35173
11063 5309
11079 85113
11088 4588
11106 14974
11120 19242
11141 44996
11151 2066
11159 76929
11191 27989
11225 68755
11239 32675
11252 37177
11264 65641
11270 25114
11275 19070
11310 45633
11360 37634
11373 8527
11426 24476
11438 62770
11452 42003
11453 89574
11454 17470
11458 21377
11490 22441
11512 13715
11523 8361
11524 95275
11529 48108
11539 41462
11544 83333
11547 24022
11565 74134
11566 91987
11580 58148
11590 75880
11591 35335
11592 1474
11594 51698
11620 45212
11624 61357
11662 79017
11680 76011
11695 94131
11700 84936
11714 35236
11774 67972
11833 71498
11853 91113
11857 56513
11877 40324
11884 87808
11891 82070
11894 76779
11903 8658
11915 11167
11930 96271
11938 61069
11942 24602
12003 41726
12004 64369
12005 9912
12040 95603
12055 71733
12136 81649
12147 34184
12149 59812
12153 27804
12172 57924
12189 59168
12196 53523
12211 30111
12221 48958
12222 95855
12231 41536
12295 60557
12301 18638
12329 54063
12340 10721
12346 5881
12357 43873
12361 33317
12372 79732
12400 70948
12410 39157
12430 86921
12451 81724
12452 1051
12483 78983
12505 85850
12514 60959
12516 58736
12576 11788
12606 87544
12641 63189
12645 61126
12678 41487
12690 18994
12723 25332
12785 80317
12881 23740
12923 59730
12981 70647
12991 93675
13006 91132
13015 56122
13037 90791
13044 9178
13082 67091
13084 82388
13099 50597
13139 48207
13174 44097
13190 95163
13217 38458
13222 79661
13231 56092
13232 57278
13250 72738
13256 90032
13257 41133
13280 35231
13299 63406
13359 90325
13382 15419
13399 73246
13400 29482
13409 36843
13417 33635
13419 3599
13464 49461
13469 81923
13496 60024
13526 55515
13547 96649
13563 61721
13571 48884
13578 33804
13579 1313
13581 24992
13608 72293
13635 62361
13647 63546
13657 92189
13693 29906
13709 17991
13729 75924
13759 38940
13761 68026
13782 43952
13795 5003
13801 37848
13820 56396
13826 57683
13828 51160
13829 45683
13841 82012
13860 55647
13873 86948
13875 87900
13883 87797
13890 95906
13896 65807
13897 36847
13908 66590
13914 14217
13919 34611
13928 6927
13933 69826
13942 30701
13983 62715
13990 45998
14004 92129
14009 48979
14029 71560
14071 40150
14080 82823
14092 39960
14100 73399
14103 85559
14111 4086
14132 8938
14140 1611
14151 88145
14212 51898
14250 12114
14291 17544
14303 45957
14330 31808
14338 35159
14362 48791
14382 8726
14384 58239
14401 42296
14506 28397
14635 85250
14643 41421
14655 3752
14688 63047
14694 48063
14753 66619
14773 3128
14810 50091
14814 28481
14816 44502
14832 27421
14858 60907
14881 33555
14887 44483
14888 90571
14960 75683
14964 87303
14989 48054
15014 44231
15030 77624
15042 28341
15067 49975
15075 60220
15080 20497
15082 56812
15085 45305
15111 59015
15128 53680
15157 63585
15167 63983
15171 74126
15184 88662
15195 71532
15198 27338
15200 95791
15201 19998
15228 5171
15237 73171
15256 41073
15269 72754
15278 65487
15303 82753
15306 63548
15307 90892
15309 71514
15323 11054
15328 91261
15337 1935
15350 28839
15386 77179
15404 7047
15431 91519
15432 80093
15461 55826
15469 49230
15470 19663
15486 92714
15498 90750
15511 15599
15534 28610
15547 67888
15558 13011
15590 63709
15654 82053
15676 92101
15679 76461
15683 54046
15690 60966
15718 12838
15722 19067
15725 81887
15727 25744
15737 37668
15739 95714
15766 54768
15825 40251
15833 71593
15840 2934
15858 61982
15879 68965
15893 35866
15915 1646
15941 24033
15955 80647
16010 96
16015 48293
16034 29395
16036 90756
16041 81474
16045 72520
16052 983
16084 13144
16129 21150
16136 23153
16147 57974
16177 59835
16217 33407
16228 54020
16236 28246
16278 68357
16284 76830
16290 40411
16304 38595
16313 12166
16344 72309
16348 73451
16377 89572
16382 81178
16415 3332
16418 65576
16427 40105
16437 53455
16480 58527
16600 75118
16602 58000
16609 53449
16624 29855
16625 62074
16636 56033
16639 36962
16672 538
16675 36793
16688 80216
16707 67802
16720 57995
16724 4127
16764 44989
16769 52122
16772 29353
16799 3225
16801 81777
16872 1134
16882 20674
16888 14691
16900 47342
16910 8440
16911 76158
16914 50083
16923 61682
16934 50886
17004 59092
17009 4561
17016 18446
17076 70907
17078 52311
17080 57001
17088 39957
17102 50339
17110 12931
17121 2014
17126 42435
17134 84406
17146 76196
17167 53526
17171 1178
17200 39172
17205 77586
17235 31819
17257 42374
17258 19842
17314 31693
17363 9910
17397 86253
17446 10737
17545 1771
17565 49135
17577 36248
17582 50078
17595 58796
17620 87456
17641 49894
17645 858
17653 90654
17658 75190
17660 72354
17673 82321
17677 25747
17684 72479
17699 9580
17702 23425
17715 87574
17732 19819
17744 51315
17746 54
17760 90241
17773 46093
17781 88003
17792 50485
17802 78263
17810 84959
17829 2872
17858 62284
17862 90021
17868 86175
17892 95960
17901 63166
17904 32013
17907 29116
17920 28217
17928 24430
17990 19456
18044 63271
18062 87908
18074 62468
18086 21058
18100 74300
18103 92820
18105 36173
18174 63656
18184 61820
18201 47353
18280 5542
18300 66462
18302 83076
18306 28988
18329 95857
18331 47383
18395 38522
18420 87224
18434 49621
18448 95499
18475 11361
18484 50813
18508 67601
18552 59654
18566 93810
18578 22892
18596 85812
18605 80588
18630 29299
18646 43652
18652 39824
18658 33628
18673 66046
18676 32937
18697 5506
18722 43363
18766 17289
18767 58785
18770 68646
18773 29206
18799 90451
18846 70876
18875 82355
18879 85732
18885 25804
18951 7566
18957 13398
18964 52467
19002 64293
19014 37269
19072 72483
19080 72217
19113 25596
19121 22334
19144 84957
19187 15425
19236 32474
19249 86477
19293 61972
19328 40163
19336 86011
19339 86343
19375 13294
19377 64243
19408 77221
19417 50458
19425 95572
19426 2770
19432 10160
19447 7163
19571 43024
19578 54189
19597 38550
19598 47752
19601 32870
19603 92738
19628 73192
19652 85681
19653 55805
19669 16993
19703 68228
19718 45532
19752 43114
19757 9315
19762 43870
19838 8157
19844 20868
19867 50544
19901 76198
19913 43730
19932 7186
19941 41916
19946 84817
19982 14971
19990 91058
20022 35173
20045 55241
20058 94384
20065 2401
20074 54743
20087 39440
20100 5063
20118 10733
20127 42193
20128 38419
20145 73879
20156 70617
20161 58988
20198 4497
20222 48277
20230 390
20266 11289
20272 66161
20279 20788
20288 70482
20299 34553
20317 19508
20339 7355
20347 25779
20348 10003
20349 8534
20352 69531
20382 11756
20397 54934
20404 26946
20469 96411
20471 61272
20473 8868
20568 91759
20571 91482
20608 43145
20610 34649
20632 7233
20653 92559
20665 74547
20680 14037
20697 2659
20755 44218
20764 60428
20791 12620
20797 30410
20801 1178
20809 31059
20811 2071
20821 46270
20859 43027
20870 94924
20889 48607
20890 39362
20896 63791
20941 4835
20954 7760
20961 49611
20987 15309
20988 62660
21000 40631
21018 18946
21026 7913
21051 584
21113 39461
21123 62323
21134 48224
21163 69809
21176 37107
21219 92758
21246 13636
21262 35447
21282 71431
21287 73112
21302 50347
21305 46105
21307 1406
21333 24170
21339 66794
21353 89240
21355 65808
21356 24828
21364 63560
21370 31673
21382 6145
21383 66652
21407 85929
21420 83624
21477 8045
21481 9484
21494 42530
21538 17019
21558 7446
21648 16910
21649 17019
21689 59998
21733 59596
21746 62962
21772 65671
21816 36774
21830 57970
21844 12053
21848 22797
21849 28457
21854 1720
21857 24321
21868 3115
21921 15274
21949 71768
21971 61374
22004 10751
22019 58361
22026 66789
22033 45824
22040 52218
22102 25714
22121 27513
22149 91257
22151 26079
22154 23231
22155 93905
22188 59593
22293 20247
22296 80895
22303 52475
22445 3376
22486 19147
22502 90547
22509 8880
22511 22718
22517 91939
22528 23546
22546 7539
22578 49623
22587 79216
22590 54017
22641 22482
22642 26136
22648 48528
22670 3227
22707 58260
22726 29085
22733 60391
22741 33123
22756 69389
22799 55683
22805 41643
22810 72326
22821 93662
22825 95011
22844 69408
22872 75245
22881 71512
22921 41132
22922 56586
22928 81448
22931 93720
22969 37062
22977 4759
22988 38597
23004 73279
23039 80333
23058 92697
23079 65083
23086 87993
23116 68508
23183 7050
23186 11535
23194 9987
23204 67055
23206 48966
23220 20069
23239 27972
23246 73620
23254 89861
23269 15458
23274 34254
23309 1382
23336 81477
23346 58274
23348 68905
23367 40293
23378 67935
23393 20695
23400 81899
23409 70605
23418 49437
23490 10977
23531 13180
23537 40046
23551 90567
23556 68211
23606 96089
23610 79135
23617 73031
23658 25101
23661 12037
23692 42042
23704 68330
23706 51916
23745 22933
23773 65572
23779 90298
23787 70109
23788 54734
23807 53779
23823 32415
23829 15215
23837 43703
23845 81780
23906 19043
23913 73164
23922 57387
23925 1760
23933 80530
23942 55630
23947 30460
23973 90823
24005 68082
24036 42132
24065 60942
24155 64854
24164 22431
24176 9260
24179 20687
24192 58959
24208 8605
24232 75582
24321 85710
24326 47308
24327 59676
24331 11636
24400 84017
24433 22756
24453 23207
24497 36308
24500 69271
24541 54341
24553 2334
24555 14120
24570 71787
24593 90070
24607 55177
24622 57541
24625 53123
24706 68589
24709 44373
24720 2737
24723 92235
24729 67643
24747 92209
24766 30240
24798 84665
24800 47627
24822 52190
24841 79941
24853 4157
24861 47903
24905 5746
24937 83186
24940 90895
24963 47391
24974 55639
24990 14201
24996 85070
25005 41429
25007 43510
25020 34299
25047 8555
25048 41658
25073 48755
25088 7627
25134 28698
25135 17712
25150 5594
25174 87099
25179 7236
25182 95095
25196 33587
25202 62493
25248 41612
25257 78113
25297 2009
25311 50558
25318 42120
25328 3961
25333 10523
25336 2212
25355 39892
25392 56997
25395 36428
25421 45672
25453 16900
25456 64856
25462 18298
25499 61576
25511 18886
25565 47303
25574 60767
25585 30765
25588 46232
25597 31668
25607 6314
25619 70544
25627 10561
25664 6422
25665 63460
25693 17070
25716 43569
25730 90888
25731 91795
25734 63284
25742 81749
25764 9971
25798 79078
25815 28694
25818 84333
25820 40678
25875 51786
25892 31678
25932 18892
25939 72827
25947 309
25950 315
25952 8425
25964 41656
25989 49224
26031 94629
26050 85648
26054 20237
26057 89474
26064 40170
26074 1917
26080 55566
26083 32666
26097 35699
26124 93901
26141 49510
26162 22725
26165 10364
26174 92988
26201 15477
26207 24616
26238 28150
26241 21274
26262 45326
26264 56424
26265 77017
26272 21819
26291 23605
26295 50526
26309 93082
26319 56297
26341 88239
26343 54571
26358 60920
26386 1318
26424 70826
26427 82869
26452 66896
26454 58272
26474 49530
26497 28811
26512 2783
26539 74363
26591 29630
26653 2817
26657 4389
26661 92223
26670 66946
26680 21182
26686 34824
26691 41499
26694 60661
26727 27879
26776 5630
26797 55866
26798 87031
26799 41728
26802 92766
26826 30471
26847 41656
26861 78262
26884 83713
26902 30906
26911 43470
26927 94014
26947 14207
26979 34273
26993 45132
26999 74928
27091 7345
27136 41025
27161 89062
27186 70890
27196 9206
27207 9414
27232 51927
27246 43116
27249 79543
27269 13317
27337 1117
27358 53126
27362 34042
27401 69206
27410 67716
27434 75774
27483 31123
27540 35683
27564 60656
27575 12308
27628 2562
27702 45754
27704 25167
27722 63126
27773 30188
27780 54234
27814 33917
27828 38277
27857 59511
27896 72396
27915 20020
27920 51049
27922 14850
27936 65628
27937 32919
27941 19631
28016 68225
28053 27077
28068 80603
28072 6156
28106 32257
28109 52438
28120 39735
28155 92591
28163 55024
28172 37761
28218 42108
28225 11451
28236 3856
28243 6957
28248 28329
28298 77468
28319 46757
28345 73098
28401 51853
28413 79262
28473 72471
28491 37210
28503 70133
28523 77139
28526 47134
28544 16844
28558 47658
28578 27226
28618 18411
28623 51563
28650 31407
28676 16624
28681 69752
28705 11645
28709 92888
28714 90690
28719 64524
28747 12719
28778 30428
28788 57098
28808 96365
28818 42743
28847 83573
28848 14830
28850 40110
28908 29768
28935 92593
28945 3717
28951 40062
28990 34192
29000 62541
29019 35030
29026 33598
29036 90210
29048 84293
29065 38240
29095 56096
29125 83550
29128 73782
29167 84246
29172 81320
29180 78665
29198 4936
29212 67544
29234 8205
29240 11917
29299 79429
29305 72019
29390 2310
29397 7338
29423 76062
29458 4974
29461 90560
29493 49305
29509 57867
29538 7714
29550 35934
29556 23814
29564 83318
29572 85214
29573 59329
29586 35716
29634 17566
29675 12866
29685 36073
29695 87162
29706 11152
29725 56503
29738 18819
29755 62913
29773 693
29774 87225
29779 30803
29781 95191
29798 65953
29806 94496
29809 77013
29829 50670
29834 17832
29847 17249
29874 7315
29900 63712
29910 52084
29914 96381
29933 69613
29934 50456
29966 76332
29973 13333
29983 84462
30005 85145
30012 46594
30108 31513
30116 33084
30137 27214
30146 63176
30164 45596
30171 80212
30173 50540
30221 47358
30233 95612
30252 78040
30275 12757
30280 10055
30289 21469
30306 72958
30329 50207
30364 15091
30380 46668
30421 82043
30514 83643
30550 81203
30597 72992
30600 2610
30611 61268
30626 50360
30639 78141
30672 4237
30682 25300
30739 72805
30779 77826
30781 32778
30785 292
30793 91778
30794 26287
30796 47507
30825 50324
30838 69269
30849 28119
30860 92885
30875 78822
30898 9534
30899 94626
30909 22306
30924 95399
30945 26688
30951 84274
30975 949
30987 5059
30995 45943
30996 30630
31015 13287
31043 80133
31048 69211
31063 41239
31066 6929
31088 50607
31091 90698
31093 93057
31108 47304
31115 49746
31117 56998
31143 94451
31189 4705
31203 85379
31204 33853
31205 67166
31242 10347
31247 57069
31259 28331
31270 40691
31296 73037
31301 60190
31304 16314
31334 38752
31380 91398
31384 59655
31386 5916
31456 83403
31529 15021
31546 52980
31561 55020
31588 57809
31609 31554
31617 38466
31620 2219
31631 43811
31663 93557
31673 71584
31698 19660
31756 34016
31766 61243
31769 49964
31771 1709
31784 14767
31800 48831
31826 84135
31830 66451
31837 41860
31843 78258
31861 34540
31865 23513
31884 68858
31887 35709
31915 47830
31918 6225
31943 57434
31963 34577
31997 32857
32012 25828
32044 6452
32049 6534
32091 4606
32100 92270
32101 22473
32160 62862
32187 85616
32206 87920
32210 57760
32218 79043
32229 75222
32230 33947
32244 47882
32246 33055
32264 74432
32286 46835
32309 24576
32322 78110
32324 92182
32357 51181
32364 47402
32393 37870
32412 12922
32429 18370
32461 65688
32526 71688
32571 96052
32631 81087
32634 61065
32672 80223
32687 57628
32759 93595
32789 1203
32795 95484
32818 83552
32822 66436
32850 11685
32859 26534
32887 86326
32914 20672
32929 13753
32944 41548
33044 75468
33046 12027
33062 54678
33072 63895
33080 7147
33081 51854
33088 67391
33106 50383
33124 18603
33136 94756
33157 32578
33161 88677
33171 943
33242 78540
33244 51009
33263 67635
33297 15838
33329 54891
33339 32397
33368 48513
33378 68244
33438 6960
33449 33393
33460 42601
33466 79463
33489 84048
33552 54436
33573 73713
33576 79452
33578 67024
33655 20220
33664 22853
33684 29367
33687 26283
33694 35439
33698 52506
33705 59985
33711 63629
33718 95682
33744 65868
33765 15948
33772 78969
33798 86806
33816 81088
33825 34234
33854 76303
33879 84675
33900 45480
33903 73933
33953 43728
33993 32805
34003 21622
34004 66335
34006 85514
34027 15786
34041 91107
34113 17014
34115 81957
34140 58631
34142 89289
34158 10876
34208 35787
34221 48328
34236 84873
34240 5586
34242 49282
34246 21075
34249 69117
34276 6719
34297 39808
34311 22184
34319 85196
34327 42756
34340 72003
34355 28562
34366 55676
34373 19512
34382 45458
34416 41042
34417 31961
34423 17168
34445 59620
34449 55942
34450 32284
34457 58488
34460 64863
34467 52747
34486 78298
34505 68548
34521 9893
34545 89149
34549 81077
34603 29195
34667 13756
34694 87632
34698 67306
34706 30440
34735 31827
34748 31611
34806 12364
34838 43557
34845 896
34857 74278
34861 74216
34907 84880
34910 62496
34911 12563
34953 5595
34960 60957
34970 58701
34977 68725
34983 44354
34990 2133
34994 2153
35000 53182
35013 75574
35032 34785
35066 25295
35070 33508
35102 53598
35114 50637
35170 27038
35182 50140
35189 15935
35205 94565
35210 36637
35281 66670
35285 16996
35297 69002
35298 27500
35322 67180
35327 65660
35348 84225
35411 6429
35419 4174
35459 1879
35471 1005
35489 29558
35494 6399
35498 13973
35506 77820
35516 20060
35523 10976
35537 28664
35552 51938
35567 94352
35577 51344
35589 27050
35595 34729
35597 4781
35624 89566
35639 52550
35664 26386
35676 23142
35696 19768
35719 41779
35754 33622
35776 60281
35777 94470
35789 79345
35802 23718
35803 95852
35832 21162
35862 74151
35884 21963
35898 10636
35903 53382
35956 37623
35986 92250
36029 67059
36046 23899
36098 80147
36113 58104
36127 45110
36178 78471
36202 7707
36203 94339
36208 90522
36218 27856
36273 94983
36276 45625
36290 3303
36317 44744
36332 52578
36356 58767
36358 60477
36387 48575
36405 57800
36408 34907
36434 59868
36535 81803
36541 42310
36564 79744
36591 74259
36603 93811
36624 93595
36625 95133
36653 48695
36688 9439
36704 12146
36714 75817
36728 28968
36754 50920
36770 50533
36775 65456
36794 79465
36808 34110
36850 73415
36881 67094
36914 63439
36925 87833
36928 53656
36930 42282
36934 2879
36961 68023
36988 93026
37018 51812
37031 65174
37033 74515
37068 34369
37082 38199
37106 75726
37114 18278
37139 19380
37149 69309
37170 24346
37177 50108
37182 3936
37188 19621
37219 10873
37227 33819
37233 93156
37246 64178
37258 30435
37261 11335
37264 81665
37302 3182
37306 1466
37322 31414
37343 48892
37392 73265
37398 37894
37424 13365
37428 46105
37430 74631
37446 75497
37451 67015
37455 42426
37457 59220
37460 9193
37508 76302
37513 96563
37516 89626
37540 90230
37572 60256
37573 30908
37589 56148
37632 3211
37637 1698
37665 4902
37678 13996
37680 77555
37689 93932
37738 86839
37747 51641
37766 63426
37835 28051
37871 83866
37876 16385
37907 78591
37946 90579
37962 45120
37989 36498
37991 87224
38005 72463
38012 95065
38029 80193
38041 48918
38044 63409
38056 81958
38086 59558
38137 27469
38178 13570
38183 87702
38255 67827
38258 7439
38259 22474
38261 17994
38303 54000
38319 88010
38323 77339
38329 14266
38337 705
38350 27237
38355 84805
38374 68241
38386 95640
38405 81110
38416 4104
38423 35187
38444 12932
38451 48770
38453 84726
38460 29901
38468 67359
38475 85384
38501 16858
38528 23234
38588 29746
38612 29687
38630 94684
38642 16530
38669 20099
38678 52494
38702 8975
38720 8448
38723 88381
38748 23990
38767 30928
38776 49153
38794 46525
38828 32535
38829 12191
38835 2394
38842 41054
38846 65743
38860 43045
38868 35257
38888 50194
38910 69061
38919 62283
38945 48665
38970 38530
38988 22798
38990 89153
39005 13165
39050 61238
39075 35
39098 37282
39134 14610
39169 7746
39194 53467
39217 39209
39219 61028
39223 36812
39230 22618
39237 28124
39290 986
39307 44342
39315 25218
39347 16327
39350 64437
39358 21988
39361 45233
39370 8763
39374 86538
39415 88253
39424 7279
39439 52960
39442 61153
39459 78341
39476 71873
39514 21377
39539 40033
39540 74780
39542 4023
39557 39659
39578 48486
39587 21915
39605 62024
39609 59878
39655 35116
39674 94121
39750 76491
39775 85330
39795 71403
39834 36280
39838 41925
39847 1519
39884 21444
39912 93690
39919 60796
39968 23308
39993 63100
40008 52857
40060 10878
40063 13380
40064 20286
40065 27509
40084 72197
40086 69757
40135 58687
40158 50624
40162 32494
40173 55606
40174 33422
40179 434
40181 42168
40190 2505
40196 5110
40206 46738
40212 49374
40223 13743
40245 69988
40261 68613
40266 63937
40280 43958
40318 90530
40390 63080
40401 50997
40407 34273
40428 54700
40473 47397
40488 2413
40535 40295
40536 4685
40553 1638
40607 88266
40644 83718
40681 70097
40727 37740
40743 71455
40770 56527
40801 96817
40804 4128
40813 8940
40814 47394
40820 43673
40836 82471
40843 10981
40865 21692
40886 14904
40919 28732
40928 91521
40946 45179
40953 22664
40965 89711
41025 81448
41028 96043
41034 48620
41054 81644
41069 42475
41075 61841
41094 47902
41116 43172
41153 17003
41156 27713
41166 74434
41193 71077
41233 62885
41255 79791
41257 83309
41262 65062
41309 93294
41349 21965
41396 66342
41406 90162
41414 38493
41443 88627
41449 63051
41468 40436
41486 4250
41519 26141
41556 40928
41569 50990
41600 20866
41604 90489
41605 62700
41609 79644
41640 77341
41661 75508
41681 33298
41708 3249
41711 36204
41741 53671
41797 27658
41808 59182
41835 64348
41838 23525
41849 15139
41867 73628
41883 24950
41916 92588
41954 14093
41971 78123
41979 68139
41984 6900
41994 10870
41995 40561
42001 27350
42004 76790
42022 47961
42027 84026
42048 80242
42115 36775
42134 93533
42151 9319
42163 42610
42164 30543
42246 23249
42250 56331
42253 39670
42266 7611
42270 72892
42312 40710
42318 1928
42359 88570
42376 86036
42416 92875
42418 53279
42420 17866
42434 27374
42491 76216
42517 63119
42540 68897
42551 63340
42554 32107
42562 55602
42577 34059
42578 50326
42597 11765
42601 43219
42612 14023
42620 6746
42627 15506
42630 48240
42645 41220
42654 44999
42658 32126
42661 58473
42668 3310
42679 67417
42681 94200
42691 65418
42716 45606
42737 6891
42743 91770
42749 73741
42752 2436
42764 6526
42772 42496
42782 5344
42799 17490
42812 44138
42840 67946
42865 89535
42889 4083
42902 88417
42943 46682
42972 49531
42973 25990
42984 78335
42999 8263
43019 71645
43083 62953
43134 66743
43149 95722
43193 11930
43202 31425
43207 49178
43239 37595
43249 75650
43299 90096
43305 43327
43320 37390
43327 1428
43337 55969
43347 25308
43349 48324
43362 93487
43365 69463
43384 9230
43407 94966
43441 62689
43442 11900
43451 30774
43486 54607
43501 18071
43502 50145
43597 74895
43610 16266
43629 45788
43651 95170
43658 35117
43678 80934
43680 73206
43694 4058
43768 49253
43779 37743
43802 9575
43851 66315
43868 50289
43881 23407
43883 21645
43884 78510
43911 21565
43957 41114
43960 43556
43961 44232
43973 61001
43985 93913
43999 31597
44009 44109
44010 91282
44024 71102
44029 21732
44073 85787
44103 57848
44104 9633
44113 23080
44138 36539
44180 6809
44208 46089
44209 76709
44214 55282
44243 47319
44246 77104
44253 56476
44288 86514
44334 96127
44356 82056
44376 56584
44393 62781
44397 94838
44441 7948
44446 39290
44457 88900
44471 34266
44491 77189
44493 83954
44522 78028
44524 54635
44528 78667
44530 52033
44540 57308
44576 19127
44578 4525
44645 93722
44652 32412
44660 11430
44662 43547
44670 29324
44685 7105
44709 10141
44723 2797
44735 11760
44798 84443
44811 88286
44822 91511
44834 53698
44856 48041
44867 9327
44890 26154
44892 42919
44928 74611
45074 90317
45085 49339
45109 43766
45134 68767
45156 24169
45163 72160
45166 77106
45170 32262
45188 76866
45254 19523
45260 30273
45272 23745
45278 26567
45280 60598
45401 26200
45448 9714
45459 44742
45466 92930
45467 52834
45471 47963
45513 10831
45521 10073
45548 40334
45561 14029
45564 32601
45584 92846
45596 79805
45616 5076
45623 62108
45637 28842
45659 44670
45674 7453
45690 13134
45713 34038
45720 56399
45723 21717
45734 75920
45740 21906
45760 60633
45777 30265
45816 68388
45824 17139
45832 59565
45878 14111
45893 86925
45898 75270
45939 48122
45950 60607
45973 42755
45993 15007
46003 2430
46010 55690
46040 23953
46044 59701
46067 21531
46068 26112
46079 22568
46082 79557
46105 94058
46128 40035
46140 64194
46145 30134
46167 68925
46241 33575
46250 75811
46254 46495
46280 75565
46285 5159
46288 43231
46293 55767
46332 32297
46351 53115
46365 22231
46399 46263
46409 36370
46433 90812
46438 63576
46482 53599
46501 26601
46521 26244
46532 88394
46548 43902
46560 78706
46578 68997
46593 41496
46679 77818
46697 27131
46724 37723
46749 3141
46764 10589
46777 41031
46806 14462
46818 55367
46823 32397
46854 68546
46879 85401
46892 8186
46906 58833
46913 40526
46944 65430
46946 51589
46963 22534
46970 23331
46972 63414
47015 82041
47025 81613
47086 41266
47093 43788
47105 28213
47109 14993
47129 82565
47155 87481
47169 20680
47180 82186
47188 96759
47199 24898
47242 43481
47250 39533
47254 30325
47260 42080
47261 19211
47277 31647
47295 54791
47325 39378
47341 4377
47385 35314
47388 52115
47395 46039
47397 17426
47431 57772
47453 26083
47458 15592
47493 49923
47505 49569
47508 25951
47528 58439
47531 49046
47554 21768
47564 92584
47595 26182
47605 81421
47631 9286
47664 88902
47678 40676
47697 41438
47711 94990
47715 36197
47721 51269
47751 70564
47782 13261
47797 95175
47808 15971
47838 52552
47853 84579
47924 82547
47929 58784
47950 21153
47957 3860
47992 82866
48008 38803
48056 13780
48066 17557
48077 5275
48080 65236
48104 82330
48122 29334
48125 54463
48152 21720
48157 46201
48171 48541
48184 54694
48224 28790
48239 63916
48244 79099
48250 61626
48251 64422
48272 75465
48303 27745
48320 15657
48347 58288
48365 53653
48376 41143
48382 55382
48428 88515
48432 16085
48443 13350
48451 65507
48452 3661
48458 43024
48502 78950
48510 56481
48514 57813
48525 72245
48526 90501
48557 3168
48604 92473
48618 94855
48653 81005
48725 74430
48751 39478
48777 68555
48790 15594
48792 3734
48800 73797
48825 34070
48856 78849
48888 55537
48889 54006
48895 83994
48918 40915
48952 80993
48973 92159
49000 27463
49003 14625
49051 7327
49052 17910
49097 74277
49104 64352
49128 96920
49157 66893
49174 79994
49205 44450
49207 70281
49226 51075
49298 25273
49315 82998
49326 64540
49336 91343
49359 79037
49360 24011
49402 32866
49429 72168
49468 59200
49488 96572
49545 81092
49575 11812
49642 38705
49646 17296
49648 36509
49678 53110
49702 59029
49715 91998
49735 5716
49758 3968
49773 483
49780 14835
49799 88262
49809 67097
49818 69647
49850 50930
49863 7432
49871 96412
49873 42210
49898 1359
49899 39765
49904 16857
49924 52100
49929 41001
49959 68691
49995 71423
50019 40037
50032 82990
50040 40422
50055 2841
50068 72711
50084 70143
50104 81123
50149 30123
50153 72934
50193 18204
50215 64910
50265 52496
50266 14572
50282 82605
50300 20900
50302 3709
50316 28547
50363 94132
50368 67318
50374 48802
50378 37673
50416 45186
50442 27892
50492 49439
50510 70253
50516 55571
50525 41466
50574 69350
50634 11565
50655 23542
50658 66682
50725 88334
50727 27974
50739 40200
50747 27016
50880 13557
50895 56389
50924 71331
50932 76331
50943 76872
50960 60184
50963 59763
50967 74924
50991 9322
50999 55202
51000 9806
51032 38089
51068 55349
51102 71634
51111 41895
51124 14056
51139 29095
51173 16008
51187 6544
51190 75482
51196 38266
51205 81749
51231 18014
51238 60915
51265 81492
51311 63903
51314 72298
51380 25646
51385 68579
51400 88367
51415 58013
51450 20
51472 45154
51484 34455
51487 68667
51490 92287
51494 56996
51527 6213
51552 69567
51558 39292
51587 10121
51618 23347
51623 90296
51673 43100
51682 26509
51709 13755
51713 70283
51759 43884
51777 62984
51780 43448
51824 48819
51845 80082
51854 92175
51874 45092
51895 61861
51952 65456
51989 71450
52014 95584
52070 3741
52095 32516
52105 41959
52112 60376
52155 735
52163 14723
52169 32100
52171 92947
52180 72911
52231 10068
52243 22871
52269 45258
52285 22700
52289 16313
52293 49617
52332 52511
52365 84599
52367 90
52387 41784
52398 61013
52410 35442
52449 65084
52478 79082
52486 12600
52488 20679
52497 58432
52513 92068
52547 66318
52552 43620
52588 90748
52596 22574
52600 81444
52624 41228
52655 75153
52661 92212
52686 89951
52715 35496
52716 96533
52741 53594
52768 1706
52813 40506
52832 8223
52838 3273
52841 25333
52845 81801
52846 39105
52868 86470
52879 35670
52916 5395
52937 29681
52940 68482
52946 12627
52969 78783
52972 83821
52974 75042
52975 73294
53012 7831
53025 24729
53029 37232
53039 8248
53050 59670
53064 62429
53112 9744
53116 76547
53158 2804
53194 66313
53198 43348
53216 3102
53218 13816
53246 63984
53262 73204
53292 41493
53304 58097
53319 63255
53320 79746
53354 8111
53355 91244
53361 77275
53368 31589
53420 1419
53445 71070
53458 48076
53459 17501
53461 47752
53470 88027
53484 5921
53489 84202
53526 27473
53576 18226
53581 16603
53586 8732
53605 28266
53625 34945
53632 35803
53637 42078
53641 29891
53651 6466
53669 31828
53677 36199
53678 10040
53701 16788
53708 54458
53724 1184
53729 65245
53756 78528
53761 66748
53795 1656
53814 59074
53816 52790
53888 50080
53906 64922
53926 30452
53930 75991
53969 43902
54022 56474
54048 24622
54062 24263
54078 75858
54080 4243
54119 40756
54142 80975
54202 39526
54210 2078
54231 39723
54303 71706
54378 86527
54391 62127
54433 16304
54438 11225
54455 51882
54476 6306
54480 90169
54525 44616
54661 24258
54667 5862
54673 2015
54676 39894
54679 20204
54706 71900
54730 73002
54748 25075
54761 53878
54766 69705
54783 67454
54788 60957
54845 2253
54856 12933
54864 11216
54869 56764
54870 70465
54886 82775
54908 40379
54924 9556
54943 66289
54945 93732
54958 61363
54962 473
55001 65600
55008 11021
55076 42400
55101 4631
55108 66988
55123 66520
55124 73166
55136 11818
55147 56526
55186 17061
55201 4953
55245 33785
55246 4095
55259 13641
55297 54122
55331 95746
55360 51555
55381 60071
55382 32177
55390 69924
55406 17062
55440 71715
55522 77876
55573 77488
55579 95066
55590 79643
55604 36533
55622 68991
55624 17448
55632 6842
55663 56815
55680 75943
55696 78528
55701 25763
55708 94814
55709 37793
55742 64904
55758 15558
55765 69138
55823 87847
55830 13353
55839 56848
55862 93687
55864 82190
55868 12546
55884 46077
55915 62070
55924 26268
55931 84591
55937 90381
55953 28400
56027 68249
56042 78938
56045 66499
56079 7060
56108 74614
56127 94214
56130 70824
56148 62501
56150 71349
56167 84950
56173 34759
56175 90512
56176 17075
56185 41010
56195 27818
56215 13752
56227 84782
56256 70592
56265 68395
56293 93408
56298 83591
56306 78860
56312 95982
56323 78789
56362 85326
56364 13002
56390 32313
56412 27038
56419 37258
56436 65090
56485 22152
56492 61931
56524 95070
56543 60945
56545 32995
56556 80941
56571 85795
56616 6901
56621 31232
56631 95727
56633 72997
56656 8769
56667 50050
56693 18249
56697 61833
56699 31815
56775 47414
56778 69907
56801 14267
56848 78455
56851 20001
56863 8154
56892 14579
56893 373
56899 58845
56913 74397
56917 92485
56925 30286
56935 43521
56956 72309
56958 47089
56972 29688
56976 66344
56986 85207
56990 86211
56993 48960
57009 34098
57076 69572
57078 12292
57079 95519
57087 34163
57098 30380
57102 68609
57107 87542
57111 23627
57154 23346
57163 2640
57214 72507
57219 63082
57237 58865
57241 28173
57290 58197
57304 42086
57328 138
57334 45846
57383 56202
57396 3472
57398 57076
57441 87841
57449 38808
57463 75428
57473 22798
57480 73902
57490 90945
57495 78927
57508 56722
57536 38640
57540 38756
57579 3233
57595 61260
57660 32038
57680 74003
57706 88787
57708 18768
57719 72117
57732 88375
57742 40842
57794 88464
57816 76000
57843 96704
57845 25482
57864 18570
57900 60905
57903 29931
57932 32310
57934 91702
57957 67934
57974 93799
57999 94949
58038 13640
58047 27767
58077 52487
58126 62537
58135 66299
58142 38734
58172 69660
58194 85741
58202 65787
58214 52679
58219 6690
58230 12367
58238 72204
58239 25487
58304 84538
58308 1458
58330 36247
58340 52538
58342 12276
58367 64213
58380 76041
58426 17958
58437 74988
58440 28160
58445 53859
58460 22835
58488 4602
58499 33932
58512 11662
58540 83354
58600 92443
58624 80675
58625 50288
58653 75888
58665 32204
58669 29873
58680 44387
58708 45109
58765 17750
58768 87809
58774 82748
58807 91181
58818 43829
58819 66893
58832 49516
58835 5248
58842 62883
58865 47842
58868 84229
58892 5709
58893 48248
58908 80574
58937 937
58938 48618
58942 29855
58953 34489
58957 32761
58965 56446
58977 819
59004 17315
59011 17293
59014 69127
59046 89414
59053 79702
59079 90118
59123 82845
59143 69450
59193 29254
59195 64388
59220 65225
59226 34545
59233 87026
59241 63951
59273 67897
59286 24488
59287 77759
59347 94358
59352 75567
59398 2322
59414 13439
59419 3789
59448 58845
59457 92981
59471 10145
59487 6341
59541 43970
59557 65737
59578 29388
59587 69570
59591 32897
59608 3342
59610 30823
59627 59743
59711 70860
59713 95456
59718 2174
59723 36849
59755 69867
59761 60485
59764 54543
59765 78904
59774 91852
59826 11052
59834 55205
59873 3872
59877 83025
59925 20416
59931 40968
59934 65127
59938 18336
59940 54411
59945 14693
59956 5446
60017 59682
60064 68713
60113 91761
60133 37751
60138 63304
60158 43399
60162 40407
60236 73513
60239 42593
60261 38007
60280 11309
60312 67548
60318 14913
60341 51600
60348 88395
60350 51030
60356 61976
60361 48207
60370 54789
60374 71941
60386 37755
60399 52583
60411 49334
60423 32888
60457 90075
60483 7570
60494 86400
60495 26892
60502 82315
60509 46480
60552 33198
60553 11500
60601 37583
60606 79346
60696 64763
60700 87867
60726 4794
60732 38554
60779 92155
60783 28421
60790 95139
60791 62318
60822 38388
60859 47911
60867 47129
60888 95756
60897 6519
60919 8233
60926 45348
60948 32384
60954 77841
60992 64986
61008 74722
61021 27162
61061 91383
61078 76664
61080 14465
61092 52526
61097 70027
61099 10152
61120 59401
61181 14174
61199 49222
61201 3882
61218 43056
61237 79833
61269 74247
61315 38540
61376 91592
61388 936
61391 64020
61396 8290
61398 50495
61406 26632
61408 52904
61413 4107
61418 48481
61461 87251
61472 66050
61497 17476
61500 95790
61520 14878
61521 36349
61533 81490
61534 93825
61573 13516
61574 21662
61594 59527
61606 30744
61615 88768
61638 68466
61649 52863
61673 21452
61696 87060
61708 14138
61744 64026
61761 36494
61778 66969
61788 12340
61850 79849
61878 24799
61889 76419
61890 32446
61939 81839
61951 12859
61967 49185
61968 79670
61977 33215
61992 76821
62014 72313
62068 22557
62074 61393
62075 71996
62111 33095
62114 38269
62116 29280
62118 14028
62125 70732
62126 60625
62156 3412
62206 85117
62207 57592
62228 56035
62233 75075
62237 16605
62248 91999
62282 64515
62285 66983
62302 10713
62304 93296
62334 81232
62344 28391
62361 94363
62362 72346
62383 67144
62384 37920
62401 51911
62411 56584
62417 12344
62432 84845
62447 87736
62457 86109
62464 46901
62479 54608
62484 33545
62519 78821
62575 20026
62583 21778
62589 83584
62626 13445
62635 22784
62646 34947
62734 76693
62772 49526
62773 50982
62790 40138
62799 30655
62804 24894
62822 9740
62853 41917
62858 25796
62891 93679
62918 70356
62920 8397
62924 25997
62949 57458
62960 22441
62978 62040
62985 55614
62987 32509
62992 8461
63022 84238
63036 27327
63064 67149
63067 45093
63072 43535
63081 61810
63098 67464
63102 39216
63119 55697
63126 36530
63147 78013
63154 47665
63166 28760
63179 60614
63180 47195
63223 65762
63224 34632
63252 61443
63255 87319
63264 52412
63279 82231
63286 22599
63303 27615
63313 18110
63324 73448
63333 38026
63343 75729
63371 64569
63420 66806
63422 34349
63427 58517
63437 83490
63439 83385
63447 95437
63461 91482
63495 73825
63501 69062
63505 42412
63511 3337
63542 20147
63558 36753
63587 88131
63609 57554
63622 22893
63635 21470
63643 77549
63664 82006
63687 4922
63693 66379
63705 24110
63709 20924
63722 12784
63726 46245
63729 58346
63760 23111
63761 17254
63772 72026
63773 15709
63815 54174
63825 56195
63827 93349
63840 8221
63853 75883
63854 51556
63863 13683
63865 53243
63878 35463
63895 90997
63913 18212
63920 65115
63958 61831
63960 13822
64006 17126
64008 96769
64012 78883
64015 21572
64107 35644
64139 74977
64163 35506
64167 56349
64169 26957
64179 55758
64190 1987
64229 1239
64248 14782
64261 73914
64301 41044
64311 180
64353 88211
64363 74086
64383 19688
64410 95731
64430 19877
64440 60565
64488 96703
64511 39307
64531 50999
64557 82048
64558 47853
64561 57789
64587 79545
64615 73025
64617 95786
64626 33918
64629 9506
64638 43277
64677 93382
64716 89748
64815 5900
64854 88933
64862 16094
64871 31514
64891 69295
64913 78932
64916 31238
64976 44354
64987 1556
64989 14405
64998 60502
65031 15193
65067 6401
65084 11046
65113 90742
65118 16531
65130 32939
65134 92863
65210 74300
65228 15155
65236 71844
65237 43356
65251 61273
65325 69922
65330 46246
65331 80812
65332 13405
65348 65005
65355 85842
65368 16072
65379 4764
65395 79144
65472 19152
65473 89740
65492 16293
65504 73420
65506 21329
65642 4336
65651 91118
65663 19429
65678 66336
65681 46722
65686 63879
65703 69670
65725 42402
65750 54022
65797 73846
65803 31950
65811 28127
65813 81020
65829 43241
65837 7544
65884 2442
65928 72805
65929 55599
65959 67478
65993 96693
66034 11578
66057 91116
66094 48346
66103 28454
66150 65555
66155 45952
66176 47664
66192 63307
66206 46854
66227 38043
66233 21660
66234 28128
66237 53264
66256 8310
66267 34272
66282 4242
66329 59901
66333 47376
66344 83472
66347 59782
66378 71429
66383 32599
66406 50801
66420 53555
66443 54683
66487 74111
66526 6402
66570 88927
66587 11950
66591 86382
66604 51020
66617 61488
66628 8682
66708 71583
66712 15418
66713 59889
66734 33070
66783 13650
66795 36596
66817 67912
66824 67805
66845 96738
66867 73123
66869 31469
66874 77853
66899 1391
66903 6801
66905 10801
66917 92272
66935 64992
66938 74233
66939 69033
66947 75985
66985 74319
67015 50380
67075 4723
67085 31470
67086 9236
67088 69829
67108 61813
67117 4132
67121 31581
67147 81145
67190 59509
67210 95096
67257 8828
67261 73105
67271 50803
67283 84847
67294 50822
67307 1674
67323 65186
67338 61398
67356 34291
67375 12019
67439 7509
67447 32584
