100000 995
17 18964
66 55233
110 8519
305 62240
431 70043
726 29320
727 55958
858 56103
1066 7842
1277 13955
1434 90418
1497 14530
1742 82611
1949 54692
2008 32902
2054 16177
2112 89105
2256 1375
2285 53053
2390 28480
2564 14250
2590 63748
2650 14514
2726 3859
2756 23668
3060 25727
3075 60471
3106 52088
3150 4971
3160 16632
3680 2246
3684 66922
3702 48797
3710 34681
3725 59117
3786 66626
3791 41292
3905 94282
4016 1942
4068 73617
4105 55285
4220 85414
4250 3608
4346 78250
4365 24587
4406 26392
4419 52141
4425 97168
4453 51440
4547 72368
4570 45080
4675 28521
4726 36392
4793 35964
4796 55741
4838 11707
4911 31361
4950 25148
5301 11878
5502 11077
5554 96808
5691 46215
5718 82516
5830 94433
6001 67697
6168 98700
6260 69040
6263 33332
6316 5342
6535 95038
6663 3154
6854 11774
7151 75408
7300 79110
7587 85176
7620 80765
7645 81278
7699 14751
7729 79407
7958 54759
8073 91670
8078 27891
8134 39930
8190 89632
8269 45421
8481 66569
8604 29430
8609 29344
8635 70174
8677 70292
8709 49136
8744 46186
8762 96994
8847 49999
8922 10520
9002 25811
9331 62899
9379 76550
9553 94915
9786 23034
9905 60121
10011 60593
10016 38159
10028 19541
10032 38088
10113 3553
10261 52992
10295 23080
10343 16207
10413 61877
10447 62608
10853 84939
10891 18375
11040 45732
11050 92135
11059 2183
11159 27510
11235 56372
11388 94230
11424 18860
11432 56546
11439 33958
11815 46271
11875 91207
11877 69560
11911 9845
12015 68711
12121 89805
12123 5350
12377 62620
12398 69478
12449 52662
12484 6055
12509 48162
12678 62721
12727 77282
13092 15727
13372 7669
13434 26256
13438 97467
13519 31336
13537 3813
13577 81429
13586 62909
13707 56323
13712 29432
13780 15035
13799 31286
13899 6271
13904 45128
14043 19272
14049 15971
14106 77120
14130 93155
14141 56717
14276 19714
14389 25993
14405 82351
14411 35551
14933 90823
14946 97745
15023 94461
15130 76750
15270 47148
15387 92823
15482 84624
15514 57479
15612 63029
15696 3712
15807 97346
15808 78446
16113 36890
16134 39126
16156 40490
16465 76607
16595 22656
16619 6673
16667 47284
16710 25642
16871 2693
16925 70474
16930 36053
17041 68339
17193 66564
17642 63152
17743 67952
17826 34818
17831 94054
17876 58280
17945 53072
18128 16235
18192 96452
18234 29974
18273 75611
18452 81578
18526 22701
18543 14955
18844 33289
18866 17524
18874 93048
18915 97180
19005 25997
19114 76047
19288 35066
19336 91408
19370 21188
19415 10030
19432 71159
19506 45396
19555 20243
19602 36749
19697 5482
19706 49114
19716 43790
19745 95091
19794 87827
19796 47807
19897 36200
19951 2924
19962 62778
20007 5973
20190 80990
20344 74430
20689 852
20749 4509
20773 74311
20848 77979
21124 79170
21208 33355
21282 60980
21296 34300
21348 25830
21380 9749
21455 92561
21463 90037
21619 83158
21699 45980
21711 74567
21834 76894
21913 10316
22218 20857
22381 38726
22488 36281
22504 67032
22518 87419
22524 1997
22651 85082
22738 74572
22759 68493
22877 91
22919 93738
22950 45791
22981 99751
23000 54682
23018 68899
23077 36232
23223 95072
23383 76622
23413 68191
23537 50784
23717 95364
23821 40929
23867 68149
23878 50605
23977 57332
23998 94509
24072 79691
24192 21164
24458 78028
24492 3217
24571 50226
24734 93807
24741 11869
24824 13468
24884 65681
25055 41116
25165 6431
25546 78697
25585 61074
25609 55859
25630 50337
25835 69334
26125 47098
26178 83508
26310 56570
26422 63190
26434 59292
26550 19980
26578 80034
26644 73366
26696 61201
26803 2025
26821 20796
26838 25477
26862 61203
26949 25059
27015 66536
27063 54098
27148 51217
27237 66042
27397 97087
27478 27393
27533 71650
27630 54195
27632 37456
27768 57106
27864 79437
28097 76122
28257 84462
28561 95466
28716 33749
28719 74678
28774 46999
28811 64096
28948 6372
29013 72812
29132 52448
29148 12700
29203 27160
29214 6263
29278 53308
29300 52522
29357 32924
29377 28598
29424 46485
29472 48146
29571 68464
29735 26904
29847 47737
29958 74064
30019 23388
30047 96256
30273 14278
30557 46054
30568 18844
30590 36720
30608 15273
30752 60714
30772 97328
30832 87555
31104 6569
31165 51545
31191 29396
31222 68596
31318 25837
31359 61519
31527 97414
31572 14416
31578 4060
31633 16499
31810 74536
31931 28122
32031 88004
32042 72877
32052 55562
32100 44752
32183 92244
32327 17607
32429 41648
32479 85825
32597 43282
32897 27067
32950 31796
32959 20088
33122 32137
33142 30274
33304 86497
33313 34625
33332 76158
33352 98199
33369 96017
33587 84003
33796 44360
33871 11639
34012 35847
34025 94420
34117 39877
34158 94069
34274 54374
34341 40640
34352 83976
34554 41852
34813 71677
34871 5632
35022 23788
35039 11167
35049 73544
35161 78026
35265 3480
35270 49598
35519 98654
35785 52560
35856 67320
35901 74912
35935 27860
36055 27327
36099 174
36200 9031
36220 40431
36269 55989
36277 79595
36340 84575
36400 44072
36432 15410
36608 33189
36619 52630
36772 49812
36862 46180
36956 36711
37198 29712
37301 77985
37369 19522
37472 95861
37632 92927
37688 77438
37897 15160
38043 77081
38095 72328
38336 38500
38442 40571
38565 6009
38953 69188
38958 49706
39140 54873
39147 85522
39175 3793
39193 9808
39572 46763
39864 99274
40611 38612
40654 26722
40763 40354
40851 92242
40865 90127
40901 60972
40980 28528
41097 82406
41184 5611
41334 82857
41365 12863
41415 51982
41459 47957
41683 71505
41811 20934
41815 16410
41900 55505
42073 73774
42198 61584
42225 95326
42257 85771
42336 35741
42444 61112
42480 6623
42621 1010
42757 20854
42767 43755
42852 20834
42853 34938
42974 23208
43259 59114
43357 49748
43388 17473
43392 20145
43567 7430
43662 16599
43712 16654
43723 52752
43756 64654
43757 42110
43850 12136
43886 19182
44245 76441
44405 86691
44481 76289
44574 75171
44644 10152
44768 54096
44857 84090
44976 21009
45236 28609
45356 3209
45761 19937
45863 28472
46227 66099
46279 81489
46350 92531
46534 38108
46603 42498
46610 79917
46700 76601
46708 53830
46863 15469
46999 32807
47064 463
47103 86185
47152 27139
47278 45141
47359 32832
47453 12687
47500 38043
47522 14115
47624 7894
48339 6814
48467 11829
48664 71783
48739 37425
48807 98206
48850 76872
48936 94640
49012 1878
49414 93112
49485 66704
49582 21080
49627 94456
49744 75339
49873 50832
49982 63810
50019 91935
50025 28200
50105 44701
50310 49488
50364 88575
50625 46103
50679 78221
50923 56811
51058 46096
51066 78968
51143 216
51177 42260
51185 49834
51365 59105
51408 43542
51652 25308
51689 36991
51720 35847
51746 56834
51919 92332
52170 12669
52233 77516
52268 48516
52420 26923
52531 20748
52546 20218
52592 87249
52667 31792
52704 5062
52893 3757
53085 23862
53090 47399
53319 9611
53519 85566
53643 21148
53896 76244
53968 79068
54112 46400
54113 38781
54198 24965
54207 22883
54255 38185
54357 14221
54473 53090
54520 40300
54565 16695
54746 34782
54812 10242
54984 74378
55083 71833
55123 44541
55247 43014
55357 49880
55608 12421
55862 36703
55875 8636
55881 22253
55885 63795
56016 41175
56021 44194
56102 1729
56210 69319
56388 49045
56459 58833
56465 32670
56650 40938
56718 45889
56730 84433
56760 36021
56816 72699
56950 22839
57101 46769
57227 71653
57344 25827
57484 4263
57502 77535
57605 37750
57645 89565
57711 58375
57922 38039
58090 68005
58142 15870
58403 9458
58575 24913
58680 35237
58910 52400
59005 48950
59081 79922
59239 74085
59328 52904
59348 80673
59464 67814
59650 48985
59871 43806
59987 16810
59991 93058
60030 72138
60040 92990
60098 84808
60113 68195
60183 63825
60242 25391
60338 72750
60691 4781
60997 7289
61025 1916
61382 68026
61451 38244
61562 1802
61587 52463
61686 39248
61692 90432
61816 21721
62158 68172
62180 3936
62270 92482
62347 15916
62505 93813
62506 99953
62664 49487
62825 7035
62941 71238
62959 65219
63035 19846
63120 39027
63152 73172
63163 47839
63239 9479
63245 80311
63405 35794
63465 11158
63664 73385
63771 33623
63803 92352
63976 33915
64015 98322
64029 90525
64041 46343
64165 91811
64627 75286
64948 61693
65070 59463
65126 60168
65170 72084
65291 58893
65321 49577
65352 95667
65505 7672
65602 18731
65718 27377
65721 17489
65763 80380
65779 11641
66133 93298
66307 16074
66334 50501
66428 48641
66569 94918
66713 84050
66737 97415
66878 47444
67010 60105
67044 69953
67128 9175
67136 72000
67143 93797
67285 87310
67325 40162
67403 82359
67434 65738
67436 80679
67462 65857
67590 29522
67648 36219
67653 39982
67669 8316
67683 16811
67780 64596
67841 61922
67895 32097
68016 17640
68154 23570
68297 12349
68409 13563
68468 78200
68606 7932
68797 15717
68904 15531
68961 57044
69433 48469
69683 34124
69950 10463
70344 40043
70575 97387
70649 23918
70838 92863
70876 93215
70886 83907
70930 11858
71099 92327
71123 3966
71438 95081
71835 59542
71837 94602
71992 95599
72128 88461
72211 58076
72374 54078
72767 59329
72776 71099
72786 22105
72821 53085
72845 93
72997 89864
73016 11965
73107 47398
73152 49924
73171 57591
73361 86105
73404 81016
73408 5337
73491 11925
73512 82566
73607 46325
73649 23917
73761 80117
73781 69118
73789 83170
73875 26561
73898 93010
74006 1690
74028 55055
74084 9720
74114 96596
74130 91229
74202 45257
74217 45957
74424 67286
74664 55895
74777 57645
74927 10126
74938 66858
75048 37889
75122 62322
75161 34959
75250 79098
75281 13459
75339 70463
75406 56886
75428 70001
75520 98914
75527 96108
75578 19538
75595 35784
75904 8258
75940 30296
75951 2323
75973 96005
76111 47367
76137 99654
76160 40849
76377 88071
76385 96982
76495 88819
76815 40282
77119 97656
77433 55085
77455 73044
77533 79595
77689 66890
77695 30301
77863 27985
78294 87124
78388 31076
78464 97590
78610 1705
78773 91040
78863 61235
78884 89647
79052 9770
79251 84915
79377 29026
79453 16619
79502 13577
79569 16522
79670 60104
79672 64214
79695 14569
79775 2943
79838 39246
79907 48657
80291 46788
80436 99342
80664 85984
80739 35431
80778 63246
80793 11377
80802 34884
80856 92396
81137 5011
81199 61994
81239 82979
81240 86139
81310 55753
81345 73615
81477 52484
81480 2131
81589 94006
81734 24577
81828 59538
81895 34597
82054 46022
82229 1952
82232 41434
82367 60706
82481 32741
82504 3422
82650 25665
82855 7430
82983 59277
83237 78180
83384 53138
83405 22461
83502 84314
83553 77246
83757 57405
83768 6085
83788 82717
83856 59137
83941 94983
83962 48380
84513 54055
84609 62763
84656 994
84665 27970
84695 62313
84999 24907
85098 30529
85114 22136
85167 86481
85319 70410
85551 76375
85673 23190
85706 95849
85837 70630
85923 70730
86037 10692
86049 35015
86109 73542
86181 59760
86253 59479
86271 51009
86645 93015
86654 97629
86714 66305
86730 81518
86747 71349
86881 10332
87056 52010
87122 83769
87133 16575
87694 68626
87738 66031
87745 69188
87908 75820
88040 59215
88181 18740
88239 91386
88467 1163
88499 51697
88585 95668
89094 46777
89235 54127
89372 32772
89413 32264
89569 30563
89592 7698
89667 17571
89720 80164
89806 23820
89816 61747
89844 36837
89871 53820
89894 51239
90182 13063
90306 78459
90548 86633
90679 80170
90968 58562
91009 72198
91026 71186
91257 60275
91352 98864
91633 39693
91647 41105
91674 90400
91835 68842
91850 96335
91891 27784
91937 83238
91953 28013
92143 79147
92286 6316
92568 17925
92569 93907
92722 20428
92795 51207
92885 77227
92893 33034
92916 46106
93077 18056
93114 43550
93204 31814
93260 5848
93486 36889
93495 76122
93560 47934
93791 5492
93968 87469
94214 19407
94343 85283
94350 3144
94395 62248
94407 52130
94503 89246
94531 25176
94621 48034
94668 24655
94819 87266
94899 53134
94910 10166
94967 19003
95010 34288
95270 39941
95371 36188
95713 3705
95726 68885
95795 95517
95931 88781
96096 62679
96231 61726
96573 25368
96647 78785
96662 95293
96770 90750
96803 49862
96830 57577
96871 46382
96873 39032
96874 43482
96878 90562
96908 88745
97014 72996
97174 99151
97278 13892
97397 24185
97524 72198
97703 13069
97795 47570
97945 37462
97973 38729
98044 5989
98349 2503
98475 62864
98657 34258
98878 34637
99082 32371
99102 95519
99123 17497
99170 68876
99193 78350
99326 63836
99392 74908
99422 29879
99481 80525
99564 3323
99720 85892
99853 44266
